,REGION,SETTLEMENTDATE,TOTALDEMAND,RRP,PERIODTYPE
0,VIC1,2016/11/01 00:30:00,4498.65,10.5,TRADE
1,VIC1,2016/11/01 01:00:00,4352.46,13.38,TRADE
2,VIC1,2016/11/01 01:30:00,4214.63,12.71,TRADE
3,VIC1,2016/11/01 02:00:00,4035.9,18.09,TRADE
4,VIC1,2016/11/01 02:30:00,3929.92,20.88,TRADE
5,VIC1,2016/11/01 03:00:00,3824.31,23.9,TRADE
6,VIC1,2016/11/01 03:30:00,3817.72,21.58,TRADE
7,VIC1,2016/11/01 04:00:00,3808.82,22.1,TRADE
8,VIC1,2016/11/01 04:30:00,3847.1,23.59,TRADE
9,VIC1,2016/11/01 05:00:00,3937.57,20.98,TRADE
10,VIC1,2016/11/01 05:30:00,4077.67,18.97,TRADE
11,VIC1,2016/11/01 06:00:00,4218.21,16.2,TRADE
12,VIC1,2016/11/01 06:30:00,4485.37,25.68,TRADE
13,VIC1,2016/11/01 07:00:00,4695.27,19.25,TRADE
14,VIC1,2016/11/01 07:30:00,4564.77,9.14,TRADE
15,VIC1,2016/11/01 08:00:00,4584.75,23.14,TRADE
16,VIC1,2016/11/01 08:30:00,4558.0,21.51,TRADE
17,VIC1,2016/11/01 09:00:00,4582.34,20.52,TRADE
18,VIC1,2016/11/01 09:30:00,4587.49,17.61,TRADE
19,VIC1,2016/11/01 10:00:00,4481.71,16.23,TRADE
20,VIC1,2016/11/01 10:30:00,4432.46,12.52,TRADE
21,VIC1,2016/11/01 11:00:00,4349.64,10.97,TRADE
22,VIC1,2016/11/01 11:30:00,4337.13,12.75,TRADE
23,VIC1,2016/11/01 12:00:00,4286.75,18.11,TRADE
24,VIC1,2016/11/01 12:30:00,4265.65,10.69,TRADE
25,VIC1,2016/11/01 13:00:00,4229.73,10.74,TRADE
26,VIC1,2016/11/01 13:30:00,4191.46,10.72,TRADE
27,VIC1,2016/11/01 14:00:00,4216.68,10.76,TRADE
28,VIC1,2016/11/01 14:30:00,4231.52,12.34,TRADE
29,VIC1,2016/11/01 15:00:00,4315.45,11.34,TRADE
30,VIC1,2016/11/01 15:30:00,4440.37,13.64,TRADE
31,VIC1,2016/11/01 16:00:00,4464.78,12.42,TRADE
32,VIC1,2016/11/01 16:30:00,4628.48,15.99,TRADE
33,VIC1,2016/11/01 17:00:00,4709.65,16.99,TRADE
34,VIC1,2016/11/01 17:30:00,4710.48,11.85,TRADE
35,VIC1,2016/11/01 18:00:00,4767.28,11.4,TRADE
36,VIC1,2016/11/01 18:30:00,4809.86,11.47,TRADE
37,VIC1,2016/11/01 19:00:00,4773.44,15.55,TRADE
38,VIC1,2016/11/01 19:30:00,4890.1,36.27,TRADE
39,VIC1,2016/11/01 20:00:00,4890.37,43.21,TRADE
40,VIC1,2016/11/01 20:30:00,4700.54,27.85,TRADE
41,VIC1,2016/11/01 21:00:00,4531.45,18.36,TRADE
42,VIC1,2016/11/01 21:30:00,4323.5,11.75,TRADE
43,VIC1,2016/11/01 22:00:00,4093.15,10.05,TRADE
44,VIC1,2016/11/01 22:30:00,4069.73,17.21,TRADE
45,VIC1,2016/11/01 23:00:00,4044.52,10.44,TRADE
46,VIC1,2016/11/01 23:30:00,4421.63,20.74,TRADE
47,VIC1,2016/11/02 00:00:00,4516.72,23.37,TRADE
48,VIC1,2016/11/02 00:30:00,4334.29,15.18,TRADE
49,VIC1,2016/11/02 01:00:00,4193.71,15.55,TRADE
50,VIC1,2016/11/02 01:30:00,4079.44,16.09,TRADE
51,VIC1,2016/11/02 02:00:00,3998.63,18.44,TRADE
52,VIC1,2016/11/02 02:30:00,3893.83,14.91,TRADE
53,VIC1,2016/11/02 03:00:00,3842.83,16.73,TRADE
54,VIC1,2016/11/02 03:30:00,3807.81,13.8,TRADE
55,VIC1,2016/11/02 04:00:00,3816.46,15.18,TRADE
56,VIC1,2016/11/02 04:30:00,3990.98,16.63,TRADE
57,VIC1,2016/11/02 05:00:00,4199.46,22.97,TRADE
58,VIC1,2016/11/02 05:30:00,4677.25,46.85,TRADE
59,VIC1,2016/11/02 06:00:00,5028.39,50.39,TRADE
60,VIC1,2016/11/02 06:30:00,5548.34,53.18,TRADE
61,VIC1,2016/11/02 07:00:00,5813.71,59.85,TRADE
62,VIC1,2016/11/02 07:30:00,5590.3,53.33,TRADE
63,VIC1,2016/11/02 08:00:00,5539.47,52.4,TRADE
64,VIC1,2016/11/02 08:30:00,5427.16,51.35,TRADE
65,VIC1,2016/11/02 09:00:00,5323.43,51.87,TRADE
66,VIC1,2016/11/02 09:30:00,5246.94,46.19,TRADE
67,VIC1,2016/11/02 10:00:00,5302.3,52.33,TRADE
68,VIC1,2016/11/02 10:30:00,5356.45,52.1,TRADE
69,VIC1,2016/11/02 11:00:00,5342.28,49.92,TRADE
70,VIC1,2016/11/02 11:30:00,5353.04,43.06,TRADE
71,VIC1,2016/11/02 12:00:00,5338.91,62.11,TRADE
72,VIC1,2016/11/02 12:30:00,5365.58,52.23,TRADE
73,VIC1,2016/11/02 13:00:00,5385.18,47.97,TRADE
74,VIC1,2016/11/02 13:30:00,5381.32,45.48,TRADE
75,VIC1,2016/11/02 14:00:00,5331.97,44.7,TRADE
76,VIC1,2016/11/02 14:30:00,5245.25,40.35,TRADE
77,VIC1,2016/11/02 15:00:00,5214.27,30.1,TRADE
78,VIC1,2016/11/02 15:30:00,5278.54,31.25,TRADE
79,VIC1,2016/11/02 16:00:00,5361.68,36.96,TRADE
80,VIC1,2016/11/02 16:30:00,5452.22,36.01,TRADE
81,VIC1,2016/11/02 17:00:00,5495.24,48.55,TRADE
82,VIC1,2016/11/02 17:30:00,5491.0,49.78,TRADE
83,VIC1,2016/11/02 18:00:00,5474.29,50.75,TRADE
84,VIC1,2016/11/02 18:30:00,5420.99,52.14,TRADE
85,VIC1,2016/11/02 19:00:00,5471.94,94.76,TRADE
86,VIC1,2016/11/02 19:30:00,5548.95,109.71,TRADE
87,VIC1,2016/11/02 20:00:00,5531.94,78.18,TRADE
88,VIC1,2016/11/02 20:30:00,5365.12,61.52,TRADE
89,VIC1,2016/11/02 21:00:00,5115.96,48.06,TRADE
90,VIC1,2016/11/02 21:30:00,4856.33,39.51,TRADE
91,VIC1,2016/11/02 22:00:00,4607.01,34.75,TRADE
92,VIC1,2016/11/02 22:30:00,4505.62,60.56,TRADE
93,VIC1,2016/11/02 23:00:00,4509.13,77.38,TRADE
94,VIC1,2016/11/02 23:30:00,4837.3,76.13,TRADE
95,VIC1,2016/11/03 00:00:00,4881.15,109.13,TRADE
96,VIC1,2016/11/03 00:30:00,4639.38,48.36,TRADE
97,VIC1,2016/11/03 01:00:00,4533.82,52.97,TRADE
98,VIC1,2016/11/03 01:30:00,4323.13,29.63,TRADE
99,VIC1,2016/11/03 02:00:00,4145.77,8.7,TRADE
100,VIC1,2016/11/03 02:30:00,4115.09,21.14,TRADE
101,VIC1,2016/11/03 03:00:00,4049.31,24.47,TRADE
102,VIC1,2016/11/03 03:30:00,4022.13,15.84,TRADE
103,VIC1,2016/11/03 04:00:00,4037.07,17.99,TRADE
104,VIC1,2016/11/03 04:30:00,4228.77,36.87,TRADE
105,VIC1,2016/11/03 05:00:00,4516.11,57.8,TRADE
106,VIC1,2016/11/03 05:30:00,4863.39,102.53,TRADE
107,VIC1,2016/11/03 06:00:00,5246.17,57.61,TRADE
108,VIC1,2016/11/03 06:30:00,5663.78,62.58,TRADE
109,VIC1,2016/11/03 07:00:00,5876.02,83.08,TRADE
110,VIC1,2016/11/03 07:30:00,5659.19,52.52,TRADE
111,VIC1,2016/11/03 08:00:00,5503.96,45.39,TRADE
112,VIC1,2016/11/03 08:30:00,5472.8,55.53,TRADE
113,VIC1,2016/11/03 09:00:00,5405.86,48.65,TRADE
114,VIC1,2016/11/03 09:30:00,5280.95,47.16,TRADE
115,VIC1,2016/11/03 10:00:00,5200.85,50.87,TRADE
116,VIC1,2016/11/03 10:30:00,5139.04,60.0,TRADE
117,VIC1,2016/11/03 11:00:00,5088.32,50.56,TRADE
118,VIC1,2016/11/03 11:30:00,5024.79,55.87,TRADE
119,VIC1,2016/11/03 12:00:00,4979.0,51.71,TRADE
120,VIC1,2016/11/03 12:30:00,4994.04,56.41,TRADE
121,VIC1,2016/11/03 13:00:00,4992.4,58.27,TRADE
122,VIC1,2016/11/03 13:30:00,4959.13,55.61,TRADE
123,VIC1,2016/11/03 14:00:00,4950.54,46.37,TRADE
124,VIC1,2016/11/03 14:30:00,4939.61,48.9,TRADE
125,VIC1,2016/11/03 15:00:00,5001.33,56.05,TRADE
126,VIC1,2016/11/03 15:30:00,5039.92,67.05,TRADE
127,VIC1,2016/11/03 16:00:00,5102.78,71.95,TRADE
128,VIC1,2016/11/03 16:30:00,5176.21,75.98,TRADE
129,VIC1,2016/11/03 17:00:00,5244.92,96.22,TRADE
130,VIC1,2016/11/03 17:30:00,5228.22,79.44,TRADE
131,VIC1,2016/11/03 18:00:00,5224.17,75.26,TRADE
132,VIC1,2016/11/03 18:30:00,5156.23,63.99,TRADE
133,VIC1,2016/11/03 19:00:00,5177.65,90.22,TRADE
134,VIC1,2016/11/03 19:30:00,5303.52,127.36,TRADE
135,VIC1,2016/11/03 20:00:00,5367.44,95.44,TRADE
136,VIC1,2016/11/03 20:30:00,5226.2,81.42,TRADE
137,VIC1,2016/11/03 21:00:00,5030.73,59.89,TRADE
138,VIC1,2016/11/03 21:30:00,4777.44,53.46,TRADE
139,VIC1,2016/11/03 22:00:00,4622.93,48.74,TRADE
140,VIC1,2016/11/03 22:30:00,4552.54,56.17,TRADE
141,VIC1,2016/11/03 23:00:00,4513.99,57.07,TRADE
142,VIC1,2016/11/03 23:30:00,4877.2,61.75,TRADE
143,VIC1,2016/11/04 00:00:00,4877.56,66.28,TRADE
144,VIC1,2016/11/04 00:30:00,4668.09,59.35,TRADE
145,VIC1,2016/11/04 01:00:00,4516.05,57.8,TRADE
146,VIC1,2016/11/04 01:30:00,4337.12,47.08,TRADE
147,VIC1,2016/11/04 02:00:00,4144.27,23.31,TRADE
148,VIC1,2016/11/04 02:30:00,4016.3,13.83,TRADE
149,VIC1,2016/11/04 03:00:00,3936.85,7.56,TRADE
150,VIC1,2016/11/04 03:30:00,3952.88,10.4,TRADE
151,VIC1,2016/11/04 04:00:00,3951.7,7.37,TRADE
152,VIC1,2016/11/04 04:30:00,4100.24,10.22,TRADE
153,VIC1,2016/11/04 05:00:00,4284.32,12.68,TRADE
154,VIC1,2016/11/04 05:30:00,4613.58,15.5,TRADE
155,VIC1,2016/11/04 06:00:00,4868.93,56.43,TRADE
156,VIC1,2016/11/04 06:30:00,5234.62,58.23,TRADE
157,VIC1,2016/11/04 07:00:00,5441.38,69.87,TRADE
158,VIC1,2016/11/04 07:30:00,5150.67,48.83,TRADE
159,VIC1,2016/11/04 08:00:00,5122.29,53.2,TRADE
160,VIC1,2016/11/04 08:30:00,5012.73,48.8,TRADE
161,VIC1,2016/11/04 09:00:00,4961.76,46.13,TRADE
162,VIC1,2016/11/04 09:30:00,4899.89,38.34,TRADE
163,VIC1,2016/11/04 10:00:00,4921.9,31.02,TRADE
164,VIC1,2016/11/04 10:30:00,4837.12,20.91,TRADE
165,VIC1,2016/11/04 11:00:00,4879.35,31.06,TRADE
166,VIC1,2016/11/04 11:30:00,4834.29,28.55,TRADE
167,VIC1,2016/11/04 12:00:00,4801.84,28.28,TRADE
168,VIC1,2016/11/04 12:30:00,4834.33,31.0,TRADE
169,VIC1,2016/11/04 13:00:00,4855.19,27.28,TRADE
170,VIC1,2016/11/04 13:30:00,4897.12,26.42,TRADE
171,VIC1,2016/11/04 14:00:00,4955.75,28.8,TRADE
172,VIC1,2016/11/04 14:30:00,4888.42,23.86,TRADE
173,VIC1,2016/11/04 15:00:00,4964.69,17.47,TRADE
174,VIC1,2016/11/04 15:30:00,5083.65,9.5,TRADE
175,VIC1,2016/11/04 16:00:00,5134.36,9.42,TRADE
176,VIC1,2016/11/04 16:30:00,5210.14,8.13,TRADE
177,VIC1,2016/11/04 17:00:00,5281.14,9.21,TRADE
178,VIC1,2016/11/04 17:30:00,5178.4,9.2,TRADE
179,VIC1,2016/11/04 18:00:00,5155.3,9.2,TRADE
180,VIC1,2016/11/04 18:30:00,4976.6,9.2,TRADE
181,VIC1,2016/11/04 19:00:00,4969.16,14.13,TRADE
182,VIC1,2016/11/04 19:30:00,5013.5,10.47,TRADE
183,VIC1,2016/11/04 20:00:00,4979.27,10.5,TRADE
184,VIC1,2016/11/04 20:30:00,4744.16,9.44,TRADE
185,VIC1,2016/11/04 21:00:00,4569.67,8.6,TRADE
186,VIC1,2016/11/04 21:30:00,4321.99,7.12,TRADE
187,VIC1,2016/11/04 22:00:00,4168.95,4.67,TRADE
188,VIC1,2016/11/04 22:30:00,4152.32,23.65,TRADE
189,VIC1,2016/11/04 23:00:00,4148.95,3.59,TRADE
190,VIC1,2016/11/04 23:30:00,4484.18,18.14,TRADE
191,VIC1,2016/11/05 00:00:00,4423.87,17.45,TRADE
192,VIC1,2016/11/05 00:30:00,4208.08,17.48,TRADE
193,VIC1,2016/11/05 01:00:00,4085.85,16.54,TRADE
194,VIC1,2016/11/05 01:30:00,3932.9,12.36,TRADE
195,VIC1,2016/11/05 02:00:00,3749.1,11.23,TRADE
196,VIC1,2016/11/05 02:30:00,3621.59,10.87,TRADE
197,VIC1,2016/11/05 03:00:00,3579.17,11.41,TRADE
198,VIC1,2016/11/05 03:30:00,3547.97,-4.37,TRADE
199,VIC1,2016/11/05 04:00:00,3540.3,5.94,TRADE
200,VIC1,2016/11/05 04:30:00,3621.38,16.29,TRADE
201,VIC1,2016/11/05 05:00:00,3670.85,17.43,TRADE
202,VIC1,2016/11/05 05:30:00,3824.67,-1.01,TRADE
203,VIC1,2016/11/05 06:00:00,3998.24,21.53,TRADE
204,VIC1,2016/11/05 06:30:00,4213.58,19.52,TRADE
205,VIC1,2016/11/05 07:00:00,4414.63,10.5,TRADE
206,VIC1,2016/11/05 07:30:00,4357.28,17.84,TRADE
207,VIC1,2016/11/05 08:00:00,4454.13,16.72,TRADE
208,VIC1,2016/11/05 08:30:00,4519.4,22.71,TRADE
209,VIC1,2016/11/05 09:00:00,4500.84,13.38,TRADE
210,VIC1,2016/11/05 09:30:00,4489.47,14.13,TRADE
211,VIC1,2016/11/05 10:00:00,4440.79,9.27,TRADE
212,VIC1,2016/11/05 10:30:00,4397.21,19.25,TRADE
213,VIC1,2016/11/05 11:00:00,4379.84,19.61,TRADE
214,VIC1,2016/11/05 11:30:00,4293.75,18.51,TRADE
215,VIC1,2016/11/05 12:00:00,4238.69,19.9,TRADE
216,VIC1,2016/11/05 12:30:00,4192.55,19.46,TRADE
217,VIC1,2016/11/05 13:00:00,4157.06,12.62,TRADE
218,VIC1,2016/11/05 13:30:00,4121.23,11.57,TRADE
219,VIC1,2016/11/05 14:00:00,4151.56,6.46,TRADE
220,VIC1,2016/11/05 14:30:00,4192.2,12.75,TRADE
221,VIC1,2016/11/05 15:00:00,4190.35,19.05,TRADE
222,VIC1,2016/11/05 15:30:00,4219.63,20.03,TRADE
223,VIC1,2016/11/05 16:00:00,4282.63,21.69,TRADE
224,VIC1,2016/11/05 16:30:00,4470.0,25.05,TRADE
225,VIC1,2016/11/05 17:00:00,4629.65,23.43,TRADE
226,VIC1,2016/11/05 17:30:00,4671.53,13.02,TRADE
227,VIC1,2016/11/05 18:00:00,4707.73,22.23,TRADE
228,VIC1,2016/11/05 18:30:00,4751.69,23.56,TRADE
229,VIC1,2016/11/05 19:00:00,4708.61,19.42,TRADE
230,VIC1,2016/11/05 19:30:00,4736.61,15.78,TRADE
231,VIC1,2016/11/05 20:00:00,4763.42,20.21,TRADE
232,VIC1,2016/11/05 20:30:00,4702.08,10.5,TRADE
233,VIC1,2016/11/05 21:00:00,4515.16,10.5,TRADE
234,VIC1,2016/11/05 21:30:00,4340.77,10.34,TRADE
235,VIC1,2016/11/05 22:00:00,4141.71,9.2,TRADE
236,VIC1,2016/11/05 22:30:00,4079.54,9.42,TRADE
237,VIC1,2016/11/05 23:00:00,4074.4,9.2,TRADE
238,VIC1,2016/11/05 23:30:00,4317.81,20.93,TRADE
239,VIC1,2016/11/06 00:00:00,4382.86,9.99,TRADE
240,VIC1,2016/11/06 00:30:00,4165.65,9.2,TRADE
241,VIC1,2016/11/06 01:00:00,4033.84,9.42,TRADE
242,VIC1,2016/11/06 01:30:00,3904.43,-14.06,TRADE
243,VIC1,2016/11/06 02:00:00,3740.74,16.27,TRADE
244,VIC1,2016/11/06 02:30:00,3631.27,13.98,TRADE
245,VIC1,2016/11/06 03:00:00,3536.58,9.15,TRADE
246,VIC1,2016/11/06 03:30:00,3472.93,-24.47,TRADE
247,VIC1,2016/11/06 04:00:00,3472.86,-21.17,TRADE
248,VIC1,2016/11/06 04:30:00,3459.09,-22.67,TRADE
249,VIC1,2016/11/06 05:00:00,3513.23,-3.12,TRADE
250,VIC1,2016/11/06 05:30:00,3540.08,18.28,TRADE
251,VIC1,2016/11/06 06:00:00,3523.1,5.35,TRADE
252,VIC1,2016/11/06 06:30:00,3787.14,22.24,TRADE
253,VIC1,2016/11/06 07:00:00,3930.32,24.8,TRADE
254,VIC1,2016/11/06 07:30:00,3901.08,24.26,TRADE
255,VIC1,2016/11/06 08:00:00,3930.14,24.16,TRADE
256,VIC1,2016/11/06 08:30:00,3953.03,23.4,TRADE
257,VIC1,2016/11/06 09:00:00,3986.84,23.73,TRADE
258,VIC1,2016/11/06 09:30:00,4024.31,24.12,TRADE
259,VIC1,2016/11/06 10:00:00,4001.15,24.19,TRADE
260,VIC1,2016/11/06 10:30:00,3969.56,22.75,TRADE
261,VIC1,2016/11/06 11:00:00,3932.55,20.49,TRADE
262,VIC1,2016/11/06 11:30:00,3894.88,22.0,TRADE
263,VIC1,2016/11/06 12:00:00,3887.16,19.44,TRADE
264,VIC1,2016/11/06 12:30:00,3855.57,19.45,TRADE
265,VIC1,2016/11/06 13:00:00,3805.25,18.81,TRADE
266,VIC1,2016/11/06 13:30:00,3876.47,9.19,TRADE
267,VIC1,2016/11/06 14:00:00,3948.28,18.7,TRADE
268,VIC1,2016/11/06 14:30:00,4032.23,24.38,TRADE
269,VIC1,2016/11/06 15:00:00,4096.57,24.44,TRADE
270,VIC1,2016/11/06 15:30:00,4200.29,15.26,TRADE
271,VIC1,2016/11/06 16:00:00,4288.23,10.5,TRADE
272,VIC1,2016/11/06 16:30:00,4418.44,17.79,TRADE
273,VIC1,2016/11/06 17:00:00,4482.17,36.18,TRADE
274,VIC1,2016/11/06 17:30:00,4473.5,40.11,TRADE
275,VIC1,2016/11/06 18:00:00,4529.29,42.84,TRADE
276,VIC1,2016/11/06 18:30:00,4525.21,50.9,TRADE
277,VIC1,2016/11/06 19:00:00,4543.43,121.25,TRADE
278,VIC1,2016/11/06 19:30:00,4632.84,61.01,TRADE
279,VIC1,2016/11/06 20:00:00,4630.89,76.92,TRADE
280,VIC1,2016/11/06 20:30:00,4572.11,51.0,TRADE
281,VIC1,2016/11/06 21:00:00,4478.18,47.93,TRADE
282,VIC1,2016/11/06 21:30:00,4313.52,34.26,TRADE
283,VIC1,2016/11/06 22:00:00,4112.72,17.3,TRADE
284,VIC1,2016/11/06 22:30:00,4039.48,25.58,TRADE
285,VIC1,2016/11/06 23:00:00,4060.44,17.8,TRADE
286,VIC1,2016/11/06 23:30:00,4379.92,26.06,TRADE
287,VIC1,2016/11/07 00:00:00,4486.53,29.6,TRADE
288,VIC1,2016/11/07 00:30:00,4269.99,23.09,TRADE
289,VIC1,2016/11/07 01:00:00,4139.95,12.83,TRADE
290,VIC1,2016/11/07 01:30:00,4046.29,-7.28,TRADE
291,VIC1,2016/11/07 02:00:00,3848.1,-6.02,TRADE
292,VIC1,2016/11/07 02:30:00,3711.09,-3.52,TRADE
293,VIC1,2016/11/07 03:00:00,3626.62,-4.78,TRADE
294,VIC1,2016/11/07 03:30:00,3593.35,-11.08,TRADE
295,VIC1,2016/11/07 04:00:00,3647.61,7.84,TRADE
296,VIC1,2016/11/07 04:30:00,3761.45,-4.13,TRADE
297,VIC1,2016/11/07 05:00:00,3993.29,20.95,TRADE
298,VIC1,2016/11/07 05:30:00,4348.29,36.07,TRADE
299,VIC1,2016/11/07 06:00:00,4665.61,34.74,TRADE
300,VIC1,2016/11/07 06:30:00,5101.01,55.04,TRADE
301,VIC1,2016/11/07 07:00:00,5293.72,57.07,TRADE
302,VIC1,2016/11/07 07:30:00,5133.69,27.5,TRADE
303,VIC1,2016/11/07 08:00:00,5126.99,26.72,TRADE
304,VIC1,2016/11/07 08:30:00,5178.1,27.5,TRADE
305,VIC1,2016/11/07 09:00:00,5080.41,38.51,TRADE
306,VIC1,2016/11/07 09:30:00,5081.2,27.5,TRADE
307,VIC1,2016/11/07 10:00:00,5090.64,28.08,TRADE
308,VIC1,2016/11/07 10:30:00,5089.71,23.95,TRADE
309,VIC1,2016/11/07 11:00:00,5138.59,27.09,TRADE
310,VIC1,2016/11/07 11:30:00,5217.8,26.09,TRADE
311,VIC1,2016/11/07 12:00:00,5256.81,19.69,TRADE
312,VIC1,2016/11/07 12:30:00,5360.34,26.11,TRADE
313,VIC1,2016/11/07 13:00:00,5426.42,35.71,TRADE
314,VIC1,2016/11/07 13:30:00,5530.87,36.36,TRADE
315,VIC1,2016/11/07 14:00:00,5490.76,44.38,TRADE
316,VIC1,2016/11/07 14:30:00,5342.76,37.45,TRADE
317,VIC1,2016/11/07 15:00:00,5201.45,42.67,TRADE
318,VIC1,2016/11/07 15:30:00,5209.01,32.36,TRADE
319,VIC1,2016/11/07 16:00:00,5282.99,8.75,TRADE
320,VIC1,2016/11/07 16:30:00,5322.57,20.12,TRADE
321,VIC1,2016/11/07 17:00:00,5377.18,36.86,TRADE
322,VIC1,2016/11/07 17:30:00,5378.4,19.37,TRADE
323,VIC1,2016/11/07 18:00:00,5279.44,10.28,TRADE
324,VIC1,2016/11/07 18:30:00,5253.34,23.35,TRADE
325,VIC1,2016/11/07 19:00:00,5230.7,37.68,TRADE
326,VIC1,2016/11/07 19:30:00,5274.41,56.91,TRADE
327,VIC1,2016/11/07 20:00:00,5301.68,70.52,TRADE
328,VIC1,2016/11/07 20:30:00,5125.56,62.1,TRADE
329,VIC1,2016/11/07 21:00:00,4987.27,46.03,TRADE
330,VIC1,2016/11/07 21:30:00,4765.17,53.4,TRADE
331,VIC1,2016/11/07 22:00:00,4580.35,42.11,TRADE
332,VIC1,2016/11/07 22:30:00,4490.43,46.26,TRADE
333,VIC1,2016/11/07 23:00:00,4473.11,29.66,TRADE
334,VIC1,2016/11/07 23:30:00,4849.63,59.97,TRADE
335,VIC1,2016/11/08 00:00:00,4902.95,58.3,TRADE
336,VIC1,2016/11/08 00:30:00,4689.25,47.02,TRADE
337,VIC1,2016/11/08 01:00:00,4473.49,17.87,TRADE
338,VIC1,2016/11/08 01:30:00,4260.97,12.3,TRADE
339,VIC1,2016/11/08 02:00:00,4073.07,12.19,TRADE
340,VIC1,2016/11/08 02:30:00,3992.61,10.5,TRADE
341,VIC1,2016/11/08 03:00:00,3976.92,11.93,TRADE
342,VIC1,2016/11/08 03:30:00,3967.63,10.5,TRADE
343,VIC1,2016/11/08 04:00:00,3989.37,10.5,TRADE
344,VIC1,2016/11/08 04:30:00,4150.59,18.38,TRADE
345,VIC1,2016/11/08 05:00:00,4295.77,34.33,TRADE
346,VIC1,2016/11/08 05:30:00,4680.32,99.31,TRADE
347,VIC1,2016/11/08 06:00:00,4983.46,141.57,TRADE
348,VIC1,2016/11/08 06:30:00,5402.26,109.73,TRADE
349,VIC1,2016/11/08 07:00:00,5622.92,113.97,TRADE
350,VIC1,2016/11/08 07:30:00,5453.15,81.55,TRADE
351,VIC1,2016/11/08 08:00:00,5322.33,97.41,TRADE
352,VIC1,2016/11/08 08:30:00,5311.75,96.66,TRADE
353,VIC1,2016/11/08 09:00:00,5241.82,85.29,TRADE
354,VIC1,2016/11/08 09:30:00,5127.64,84.09,TRADE
355,VIC1,2016/11/08 10:00:00,5096.44,88.54,TRADE
356,VIC1,2016/11/08 10:30:00,5081.49,85.99,TRADE
357,VIC1,2016/11/08 11:00:00,5027.68,66.62,TRADE
358,VIC1,2016/11/08 11:30:00,5023.97,56.83,TRADE
359,VIC1,2016/11/08 12:00:00,5004.49,56.92,TRADE
360,VIC1,2016/11/08 12:30:00,5009.95,45.08,TRADE
361,VIC1,2016/11/08 13:00:00,4972.13,45.83,TRADE
362,VIC1,2016/11/08 13:30:00,5034.16,61.96,TRADE
363,VIC1,2016/11/08 14:00:00,5034.61,39.7,TRADE
364,VIC1,2016/11/08 14:30:00,5017.54,52.5,TRADE
365,VIC1,2016/11/08 15:00:00,5017.7,6.38,TRADE
366,VIC1,2016/11/08 15:30:00,4971.33,3.74,TRADE
367,VIC1,2016/11/08 16:00:00,5132.59,25.12,TRADE
368,VIC1,2016/11/08 16:30:00,5229.69,10.86,TRADE
369,VIC1,2016/11/08 17:00:00,5304.9,8.57,TRADE
370,VIC1,2016/11/08 17:30:00,5335.97,42.74,TRADE
371,VIC1,2016/11/08 18:00:00,5343.89,45.67,TRADE
372,VIC1,2016/11/08 18:30:00,5277.38,55.51,TRADE
373,VIC1,2016/11/08 19:00:00,5298.93,64.84,TRADE
374,VIC1,2016/11/08 19:30:00,5306.21,51.44,TRADE
375,VIC1,2016/11/08 20:00:00,5367.57,72.95,TRADE
376,VIC1,2016/11/08 20:30:00,5271.06,74.82,TRADE
377,VIC1,2016/11/08 21:00:00,5069.8,50.71,TRADE
378,VIC1,2016/11/08 21:30:00,4846.72,44.64,TRADE
379,VIC1,2016/11/08 22:00:00,4599.15,33.15,TRADE
380,VIC1,2016/11/08 22:30:00,4587.72,72.6,TRADE
381,VIC1,2016/11/08 23:00:00,4550.87,44.37,TRADE
382,VIC1,2016/11/08 23:30:00,4856.98,46.73,TRADE
383,VIC1,2016/11/09 00:00:00,4925.16,55.79,TRADE
384,VIC1,2016/11/09 00:30:00,4755.98,50.7,TRADE
385,VIC1,2016/11/09 01:00:00,4554.55,47.38,TRADE
386,VIC1,2016/11/09 01:30:00,4435.16,39.05,TRADE
387,VIC1,2016/11/09 02:00:00,4285.33,31.09,TRADE
388,VIC1,2016/11/09 02:30:00,4152.13,16.16,TRADE
389,VIC1,2016/11/09 03:00:00,4140.14,15.92,TRADE
390,VIC1,2016/11/09 03:30:00,4080.69,10.9,TRADE
391,VIC1,2016/11/09 04:00:00,4139.67,14.21,TRADE
392,VIC1,2016/11/09 04:30:00,4333.48,41.46,TRADE
393,VIC1,2016/11/09 05:00:00,4497.75,41.14,TRADE
394,VIC1,2016/11/09 05:30:00,4847.82,71.99,TRADE
395,VIC1,2016/11/09 06:00:00,5178.95,87.02,TRADE
396,VIC1,2016/11/09 06:30:00,5557.83,100.85,TRADE
397,VIC1,2016/11/09 07:00:00,5762.25,104.93,TRADE
398,VIC1,2016/11/09 07:30:00,5568.03,72.98,TRADE
399,VIC1,2016/11/09 08:00:00,5469.23,73.32,TRADE
400,VIC1,2016/11/09 08:30:00,5457.94,73.77,TRADE
401,VIC1,2016/11/09 09:00:00,5414.43,64.73,TRADE
402,VIC1,2016/11/09 09:30:00,5315.68,55.93,TRADE
403,VIC1,2016/11/09 10:00:00,5307.9,71.33,TRADE
404,VIC1,2016/11/09 10:30:00,5367.16,71.68,TRADE
405,VIC1,2016/11/09 11:00:00,5346.41,62.28,TRADE
406,VIC1,2016/11/09 11:30:00,5305.58,41.16,TRADE
407,VIC1,2016/11/09 12:00:00,5263.7,29.68,TRADE
408,VIC1,2016/11/09 12:30:00,5321.7,58.09,TRADE
409,VIC1,2016/11/09 13:00:00,5278.7,52.61,TRADE
410,VIC1,2016/11/09 13:30:00,5296.71,51.57,TRADE
411,VIC1,2016/11/09 14:00:00,5314.07,53.15,TRADE
412,VIC1,2016/11/09 14:30:00,5265.09,56.09,TRADE
413,VIC1,2016/11/09 15:00:00,5301.47,59.72,TRADE
414,VIC1,2016/11/09 15:30:00,5402.31,58.98,TRADE
415,VIC1,2016/11/09 16:00:00,5467.78,55.87,TRADE
416,VIC1,2016/11/09 16:30:00,5543.03,56.22,TRADE
417,VIC1,2016/11/09 17:00:00,5569.61,58.02,TRADE
418,VIC1,2016/11/09 17:30:00,5518.72,54.13,TRADE
419,VIC1,2016/11/09 18:00:00,5523.84,50.51,TRADE
420,VIC1,2016/11/09 18:30:00,5462.53,49.51,TRADE
421,VIC1,2016/11/09 19:00:00,5498.26,52.05,TRADE
422,VIC1,2016/11/09 19:30:00,5495.31,52.28,TRADE
423,VIC1,2016/11/09 20:00:00,5486.6,83.19,TRADE
424,VIC1,2016/11/09 20:30:00,5324.81,69.41,TRADE
425,VIC1,2016/11/09 21:00:00,5125.52,58.27,TRADE
426,VIC1,2016/11/09 21:30:00,4934.63,56.03,TRADE
427,VIC1,2016/11/09 22:00:00,4664.58,47.52,TRADE
428,VIC1,2016/11/09 22:30:00,4596.12,46.84,TRADE
429,VIC1,2016/11/09 23:00:00,4546.83,22.08,TRADE
430,VIC1,2016/11/09 23:30:00,4861.06,59.68,TRADE
431,VIC1,2016/11/10 00:00:00,4942.4,77.89,TRADE
432,VIC1,2016/11/10 00:30:00,4723.01,45.39,TRADE
433,VIC1,2016/11/10 01:00:00,4508.51,21.21,TRADE
434,VIC1,2016/11/10 01:30:00,4334.43,11.36,TRADE
435,VIC1,2016/11/10 02:00:00,4209.31,11.0,TRADE
436,VIC1,2016/11/10 02:30:00,4156.02,9.08,TRADE
437,VIC1,2016/11/10 03:00:00,4085.09,13.11,TRADE
438,VIC1,2016/11/10 03:30:00,4114.72,10.5,TRADE
439,VIC1,2016/11/10 04:00:00,4130.23,9.4,TRADE
440,VIC1,2016/11/10 04:30:00,4286.22,17.57,TRADE
441,VIC1,2016/11/10 05:00:00,4559.29,52.88,TRADE
442,VIC1,2016/11/10 05:30:00,4811.07,77.11,TRADE
443,VIC1,2016/11/10 06:00:00,5149.27,84.56,TRADE
444,VIC1,2016/11/10 06:30:00,5599.04,86.25,TRADE
445,VIC1,2016/11/10 07:00:00,5819.88,106.22,TRADE
446,VIC1,2016/11/10 07:30:00,5609.06,56.94,TRADE
447,VIC1,2016/11/10 08:00:00,5620.17,57.5,TRADE
448,VIC1,2016/11/10 08:30:00,5637.87,54.19,TRADE
449,VIC1,2016/11/10 09:00:00,5621.1,51.78,TRADE
450,VIC1,2016/11/10 09:30:00,5602.44,60.64,TRADE
451,VIC1,2016/11/10 10:00:00,5569.71,81.92,TRADE
452,VIC1,2016/11/10 10:30:00,5525.08,65.44,TRADE
453,VIC1,2016/11/10 11:00:00,5468.73,54.05,TRADE
454,VIC1,2016/11/10 11:30:00,5480.05,77.26,TRADE
455,VIC1,2016/11/10 12:00:00,5443.11,82.17,TRADE
456,VIC1,2016/11/10 12:30:00,5385.32,83.6,TRADE
457,VIC1,2016/11/10 13:00:00,5308.32,58.26,TRADE
458,VIC1,2016/11/10 13:30:00,5289.62,51.37,TRADE
459,VIC1,2016/11/10 14:00:00,5278.38,49.71,TRADE
460,VIC1,2016/11/10 14:30:00,5267.09,50.07,TRADE
461,VIC1,2016/11/10 15:00:00,5235.76,53.87,TRADE
462,VIC1,2016/11/10 15:30:00,5280.41,50.17,TRADE
463,VIC1,2016/11/10 16:00:00,5313.55,46.46,TRADE
464,VIC1,2016/11/10 16:30:00,5374.93,38.66,TRADE
465,VIC1,2016/11/10 17:00:00,5450.91,41.88,TRADE
466,VIC1,2016/11/10 17:30:00,5480.4,41.7,TRADE
467,VIC1,2016/11/10 18:00:00,5461.99,41.53,TRADE
468,VIC1,2016/11/10 18:30:00,5380.1,38.53,TRADE
469,VIC1,2016/11/10 19:00:00,5379.41,42.83,TRADE
470,VIC1,2016/11/10 19:30:00,5451.3,37.54,TRADE
471,VIC1,2016/11/10 20:00:00,5544.85,51.5,TRADE
472,VIC1,2016/11/10 20:30:00,5397.96,37.76,TRADE
473,VIC1,2016/11/10 21:00:00,5192.84,18.56,TRADE
474,VIC1,2016/11/10 21:30:00,4926.55,23.62,TRADE
475,VIC1,2016/11/10 22:00:00,4737.49,16.33,TRADE
476,VIC1,2016/11/10 22:30:00,4613.23,33.17,TRADE
477,VIC1,2016/11/10 23:00:00,4584.44,41.98,TRADE
478,VIC1,2016/11/10 23:30:00,4928.4,37.69,TRADE
479,VIC1,2016/11/11 00:00:00,4966.63,18.91,TRADE
480,VIC1,2016/11/11 00:30:00,4741.48,11.45,TRADE
481,VIC1,2016/11/11 01:00:00,4556.87,17.33,TRADE
482,VIC1,2016/11/11 01:30:00,4397.29,21.29,TRADE
483,VIC1,2016/11/11 02:00:00,4240.93,22.65,TRADE
484,VIC1,2016/11/11 02:30:00,4164.85,25.23,TRADE
485,VIC1,2016/11/11 03:00:00,4115.0,24.73,TRADE
486,VIC1,2016/11/11 03:30:00,4118.67,24.9,TRADE
487,VIC1,2016/11/11 04:00:00,4150.84,25.63,TRADE
488,VIC1,2016/11/11 04:30:00,4335.49,27.16,TRADE
489,VIC1,2016/11/11 05:00:00,4554.01,31.16,TRADE
490,VIC1,2016/11/11 05:30:00,4882.84,41.97,TRADE
491,VIC1,2016/11/11 06:00:00,5262.14,70.37,TRADE
492,VIC1,2016/11/11 06:30:00,5634.32,60.59,TRADE
493,VIC1,2016/11/11 07:00:00,5849.3,110.18,TRADE
494,VIC1,2016/11/11 07:30:00,5607.75,45.73,TRADE
495,VIC1,2016/11/11 08:00:00,5500.45,37.37,TRADE
496,VIC1,2016/11/11 08:30:00,5442.62,22.69,TRADE
497,VIC1,2016/11/11 09:00:00,5317.68,16.35,TRADE
498,VIC1,2016/11/11 09:30:00,5227.66,27.35,TRADE
499,VIC1,2016/11/11 10:00:00,5202.22,25.84,TRADE
500,VIC1,2016/11/11 10:30:00,5119.56,24.97,TRADE
501,VIC1,2016/11/11 11:00:00,5115.66,27.66,TRADE
502,VIC1,2016/11/11 11:30:00,5095.74,21.69,TRADE
503,VIC1,2016/11/11 12:00:00,5056.36,20.63,TRADE
504,VIC1,2016/11/11 12:30:00,5034.08,22.39,TRADE
505,VIC1,2016/11/11 13:00:00,5010.19,20.7,TRADE
506,VIC1,2016/11/11 13:30:00,5035.35,26.05,TRADE
507,VIC1,2016/11/11 14:00:00,5052.21,32.6,TRADE
508,VIC1,2016/11/11 14:30:00,5053.88,23.77,TRADE
509,VIC1,2016/11/11 15:00:00,5033.78,14.63,TRADE
510,VIC1,2016/11/11 15:30:00,5086.28,13.08,TRADE
511,VIC1,2016/11/11 16:00:00,5144.58,13.68,TRADE
512,VIC1,2016/11/11 16:30:00,5170.88,16.68,TRADE
513,VIC1,2016/11/11 17:00:00,5254.72,24.58,TRADE
514,VIC1,2016/11/11 17:30:00,5216.06,12.06,TRADE
515,VIC1,2016/11/11 18:00:00,5152.41,9.94,TRADE
516,VIC1,2016/11/11 18:30:00,5032.02,9.56,TRADE
517,VIC1,2016/11/11 19:00:00,5022.17,24.75,TRADE
518,VIC1,2016/11/11 19:30:00,5095.23,18.16,TRADE
519,VIC1,2016/11/11 20:00:00,5065.02,18.1,TRADE
520,VIC1,2016/11/11 20:30:00,4919.17,16.31,TRADE
521,VIC1,2016/11/11 21:00:00,4802.51,10.5,TRADE
522,VIC1,2016/11/11 21:30:00,4600.92,14.63,TRADE
523,VIC1,2016/11/11 22:00:00,4376.55,7.39,TRADE
524,VIC1,2016/11/11 22:30:00,4372.91,43.11,TRADE
525,VIC1,2016/11/11 23:00:00,4288.76,38.92,TRADE
526,VIC1,2016/11/11 23:30:00,4431.73,28.37,TRADE
527,VIC1,2016/11/12 00:00:00,4470.77,29.37,TRADE
528,VIC1,2016/11/12 00:30:00,4264.39,19.3,TRADE
529,VIC1,2016/11/12 01:00:00,4094.28,19.8,TRADE
530,VIC1,2016/11/12 01:30:00,3916.08,22.73,TRADE
531,VIC1,2016/11/12 02:00:00,3820.45,21.52,TRADE
532,VIC1,2016/11/12 02:30:00,3686.02,18.8,TRADE
533,VIC1,2016/11/12 03:00:00,3592.91,12.4,TRADE
534,VIC1,2016/11/12 03:30:00,3591.11,0.55,TRADE
535,VIC1,2016/11/12 04:00:00,3587.31,9.18,TRADE
536,VIC1,2016/11/12 04:30:00,3634.79,21.6,TRADE
537,VIC1,2016/11/12 05:00:00,3704.46,24.03,TRADE
538,VIC1,2016/11/12 05:30:00,3800.58,24.9,TRADE
539,VIC1,2016/11/12 06:00:00,4001.19,19.55,TRADE
540,VIC1,2016/11/12 06:30:00,4115.36,27.12,TRADE
541,VIC1,2016/11/12 07:00:00,4306.12,40.04,TRADE
542,VIC1,2016/11/12 07:30:00,4288.72,30.93,TRADE
543,VIC1,2016/11/12 08:00:00,4440.35,33.58,TRADE
544,VIC1,2016/11/12 08:30:00,4547.54,28.22,TRADE
545,VIC1,2016/11/12 09:00:00,4656.24,27.68,TRADE
546,VIC1,2016/11/12 09:30:00,4676.45,23.11,TRADE
547,VIC1,2016/11/12 10:00:00,4703.99,23.61,TRADE
548,VIC1,2016/11/12 10:30:00,4565.83,28.95,TRADE
549,VIC1,2016/11/12 11:00:00,4536.01,23.17,TRADE
550,VIC1,2016/11/12 11:30:00,4370.17,29.81,TRADE
551,VIC1,2016/11/12 12:00:00,4240.65,1.02,TRADE
552,VIC1,2016/11/12 12:30:00,4134.69,-4.35,TRADE
553,VIC1,2016/11/12 13:00:00,4091.33,-2.07,TRADE
554,VIC1,2016/11/12 13:30:00,3990.8,-3.07,TRADE
555,VIC1,2016/11/12 14:00:00,4070.01,9.76,TRADE
556,VIC1,2016/11/12 14:30:00,4100.17,12.67,TRADE
557,VIC1,2016/11/12 15:00:00,4166.51,-13.39,TRADE
558,VIC1,2016/11/12 15:30:00,4191.62,-15.62,TRADE
559,VIC1,2016/11/12 16:00:00,4320.29,-50.83,TRADE
560,VIC1,2016/11/12 16:30:00,4388.11,-4.79,TRADE
561,VIC1,2016/11/12 17:00:00,4494.25,34.64,TRADE
562,VIC1,2016/11/12 17:30:00,4425.96,12.79,TRADE
563,VIC1,2016/11/12 18:00:00,4425.17,11.39,TRADE
564,VIC1,2016/11/12 18:30:00,4384.77,10.5,TRADE
565,VIC1,2016/11/12 19:00:00,4301.9,9.26,TRADE
566,VIC1,2016/11/12 19:30:00,4313.82,10.32,TRADE
567,VIC1,2016/11/12 20:00:00,4333.15,12.99,TRADE
568,VIC1,2016/11/12 20:30:00,4235.57,24.88,TRADE
569,VIC1,2016/11/12 21:00:00,4138.42,16.69,TRADE
570,VIC1,2016/11/12 21:30:00,4034.29,17.73,TRADE
571,VIC1,2016/11/12 22:00:00,3886.36,-3.23,TRADE
572,VIC1,2016/11/12 22:30:00,3799.32,-7.29,TRADE
573,VIC1,2016/11/12 23:00:00,3815.86,-44.84,TRADE
574,VIC1,2016/11/12 23:30:00,4160.5,-91.27,TRADE
575,VIC1,2016/11/13 00:00:00,4197.11,-55.33,TRADE
576,VIC1,2016/11/13 00:30:00,4012.11,-9.42,TRADE
577,VIC1,2016/11/13 01:00:00,3887.07,19.58,TRADE
578,VIC1,2016/11/13 01:30:00,3724.15,17.11,TRADE
579,VIC1,2016/11/13 02:00:00,3544.7,18.03,TRADE
580,VIC1,2016/11/13 02:30:00,3449.45,20.47,TRADE
581,VIC1,2016/11/13 03:00:00,3381.3,16.45,TRADE
582,VIC1,2016/11/13 03:30:00,3347.54,7.56,TRADE
583,VIC1,2016/11/13 04:00:00,3327.51,-7.04,TRADE
584,VIC1,2016/11/13 04:30:00,3351.32,12.87,TRADE
585,VIC1,2016/11/13 05:00:00,3329.38,12.16,TRADE
586,VIC1,2016/11/13 05:30:00,3361.52,17.43,TRADE
587,VIC1,2016/11/13 06:00:00,3426.75,14.94,TRADE
588,VIC1,2016/11/13 06:30:00,3583.78,15.87,TRADE
589,VIC1,2016/11/13 07:00:00,3756.23,17.35,TRADE
590,VIC1,2016/11/13 07:30:00,3774.29,15.59,TRADE
591,VIC1,2016/11/13 08:00:00,3936.08,19.65,TRADE
592,VIC1,2016/11/13 08:30:00,4099.4,25.78,TRADE
593,VIC1,2016/11/13 09:00:00,4273.4,25.99,TRADE
594,VIC1,2016/11/13 09:30:00,4353.15,23.96,TRADE
595,VIC1,2016/11/13 10:00:00,4298.64,23.93,TRADE
596,VIC1,2016/11/13 10:30:00,4249.03,15.0,TRADE
597,VIC1,2016/11/13 11:00:00,4221.84,13.61,TRADE
598,VIC1,2016/11/13 11:30:00,4170.98,4.98,TRADE
599,VIC1,2016/11/13 12:00:00,4118.81,20.82,TRADE
600,VIC1,2016/11/13 12:30:00,3959.29,8.6,TRADE
601,VIC1,2016/11/13 13:00:00,3924.53,13.07,TRADE
602,VIC1,2016/11/13 13:30:00,3894.81,-6.58,TRADE
603,VIC1,2016/11/13 14:00:00,3944.21,19.9,TRADE
604,VIC1,2016/11/13 14:30:00,4022.32,8.06,TRADE
605,VIC1,2016/11/13 15:00:00,4149.1,4.53,TRADE
606,VIC1,2016/11/13 15:30:00,4220.64,7.94,TRADE
607,VIC1,2016/11/13 16:00:00,4345.68,26.16,TRADE
608,VIC1,2016/11/13 16:30:00,4479.97,10.39,TRADE
609,VIC1,2016/11/13 17:00:00,4556.19,9.96,TRADE
610,VIC1,2016/11/13 17:30:00,4639.14,10.28,TRADE
611,VIC1,2016/11/13 18:00:00,4665.51,9.85,TRADE
612,VIC1,2016/11/13 18:30:00,4636.15,9.42,TRADE
613,VIC1,2016/11/13 19:00:00,4619.03,9.2,TRADE
614,VIC1,2016/11/13 19:30:00,4657.51,9.85,TRADE
615,VIC1,2016/11/13 20:00:00,4617.9,9.42,TRADE
616,VIC1,2016/11/13 20:30:00,4531.92,16.97,TRADE
617,VIC1,2016/11/13 21:00:00,4395.24,16.98,TRADE
618,VIC1,2016/11/13 21:30:00,4201.8,21.86,TRADE
619,VIC1,2016/11/13 22:00:00,3993.31,17.28,TRADE
620,VIC1,2016/11/13 22:30:00,3891.62,6.24,TRADE
621,VIC1,2016/11/13 23:00:00,3887.7,-17.43,TRADE
622,VIC1,2016/11/13 23:30:00,4202.74,-13.12,TRADE
623,VIC1,2016/11/14 00:00:00,4289.79,6.09,TRADE
624,VIC1,2016/11/14 00:30:00,4130.73,11.44,TRADE
625,VIC1,2016/11/14 01:00:00,4033.53,17.56,TRADE
626,VIC1,2016/11/14 01:30:00,3988.29,24.74,TRADE
627,VIC1,2016/11/14 02:00:00,3790.02,16.2,TRADE
628,VIC1,2016/11/14 02:30:00,3685.73,16.19,TRADE
629,VIC1,2016/11/14 03:00:00,3629.84,19.92,TRADE
630,VIC1,2016/11/14 03:30:00,3607.2,20.15,TRADE
631,VIC1,2016/11/14 04:00:00,3672.05,22.84,TRADE
632,VIC1,2016/11/14 04:30:00,3831.36,16.2,TRADE
633,VIC1,2016/11/14 05:00:00,4061.41,21.01,TRADE
634,VIC1,2016/11/14 05:30:00,4471.96,31.29,TRADE
635,VIC1,2016/11/14 06:00:00,4814.71,120.73,TRADE
636,VIC1,2016/11/14 06:30:00,5299.51,75.75,TRADE
637,VIC1,2016/11/14 07:00:00,5638.79,121.76,TRADE
638,VIC1,2016/11/14 07:30:00,5491.91,55.03,TRADE
639,VIC1,2016/11/14 08:00:00,5543.82,60.84,TRADE
640,VIC1,2016/11/14 08:30:00,5555.28,53.95,TRADE
641,VIC1,2016/11/14 09:00:00,5524.79,63.12,TRADE
642,VIC1,2016/11/14 09:30:00,5493.06,67.22,TRADE
643,VIC1,2016/11/14 10:00:00,5379.06,45.69,TRADE
644,VIC1,2016/11/14 10:30:00,5328.5,39.98,TRADE
645,VIC1,2016/11/14 11:00:00,5361.66,39.84,TRADE
646,VIC1,2016/11/14 11:30:00,5317.37,36.06,TRADE
647,VIC1,2016/11/14 12:00:00,5275.13,44.19,TRADE
648,VIC1,2016/11/14 12:30:00,5221.04,44.92,TRADE
649,VIC1,2016/11/14 13:00:00,5136.76,30.8,TRADE
650,VIC1,2016/11/14 13:30:00,5134.98,33.75,TRADE
651,VIC1,2016/11/14 14:00:00,5057.5,5.54,TRADE
652,VIC1,2016/11/14 14:30:00,4993.04,12.35,TRADE
653,VIC1,2016/11/14 15:00:00,5005.14,22.58,TRADE
654,VIC1,2016/11/14 15:30:00,5041.15,20.96,TRADE
655,VIC1,2016/11/14 16:00:00,5132.39,28.9,TRADE
656,VIC1,2016/11/14 16:30:00,5203.08,34.83,TRADE
657,VIC1,2016/11/14 17:00:00,5283.26,34.48,TRADE
658,VIC1,2016/11/14 17:30:00,5318.16,50.34,TRADE
659,VIC1,2016/11/14 18:00:00,5238.68,37.86,TRADE
660,VIC1,2016/11/14 18:30:00,5286.94,45.94,TRADE
661,VIC1,2016/11/14 19:00:00,5323.24,71.47,TRADE
662,VIC1,2016/11/14 19:30:00,5356.64,66.8,TRADE
663,VIC1,2016/11/14 20:00:00,5399.43,72.81,TRADE
664,VIC1,2016/11/14 20:30:00,5251.17,41.37,TRADE
665,VIC1,2016/11/14 21:00:00,5051.24,19.19,TRADE
666,VIC1,2016/11/14 21:30:00,4799.4,15.86,TRADE
667,VIC1,2016/11/14 22:00:00,4551.44,28.13,TRADE
668,VIC1,2016/11/14 22:30:00,4455.97,11.91,TRADE
669,VIC1,2016/11/14 23:00:00,4445.71,10.5,TRADE
670,VIC1,2016/11/14 23:30:00,4732.44,16.92,TRADE
671,VIC1,2016/11/15 00:00:00,4792.21,23.03,TRADE
672,VIC1,2016/11/15 00:30:00,4582.21,10.5,TRADE
673,VIC1,2016/11/15 01:00:00,4445.47,10.5,TRADE
674,VIC1,2016/11/15 01:30:00,4266.01,10.46,TRADE
675,VIC1,2016/11/15 02:00:00,4098.41,10.02,TRADE
676,VIC1,2016/11/15 02:30:00,4006.59,9.32,TRADE
677,VIC1,2016/11/15 03:00:00,3903.9,9.2,TRADE
678,VIC1,2016/11/15 03:30:00,3933.14,-29.31,TRADE
679,VIC1,2016/11/15 04:00:00,3926.79,9.2,TRADE
680,VIC1,2016/11/15 04:30:00,4094.29,9.2,TRADE
681,VIC1,2016/11/15 05:00:00,4340.33,11.05,TRADE
682,VIC1,2016/11/15 05:30:00,4657.96,14.01,TRADE
683,VIC1,2016/11/15 06:00:00,5057.59,11.35,TRADE
684,VIC1,2016/11/15 06:30:00,5541.08,105.37,TRADE
685,VIC1,2016/11/15 07:00:00,5793.41,107.57,TRADE
686,VIC1,2016/11/15 07:30:00,5645.44,47.87,TRADE
687,VIC1,2016/11/15 08:00:00,5570.08,37.75,TRADE
688,VIC1,2016/11/15 08:30:00,5572.45,25.17,TRADE
689,VIC1,2016/11/15 09:00:00,5509.45,20.3,TRADE
690,VIC1,2016/11/15 09:30:00,5440.74,12.12,TRADE
691,VIC1,2016/11/15 10:00:00,5389.75,13.76,TRADE
692,VIC1,2016/11/15 10:30:00,5386.02,27.29,TRADE
693,VIC1,2016/11/15 11:00:00,5408.93,24.2,TRADE
694,VIC1,2016/11/15 11:30:00,5391.0,22.43,TRADE
695,VIC1,2016/11/15 12:00:00,5328.95,28.61,TRADE
696,VIC1,2016/11/15 12:30:00,5296.98,29.38,TRADE
697,VIC1,2016/11/15 13:00:00,5265.79,31.59,TRADE
698,VIC1,2016/11/15 13:30:00,5230.72,26.29,TRADE
699,VIC1,2016/11/15 14:00:00,5162.43,15.18,TRADE
700,VIC1,2016/11/15 14:30:00,5125.45,10.28,TRADE
701,VIC1,2016/11/15 15:00:00,5082.63,10.5,TRADE
702,VIC1,2016/11/15 15:30:00,5126.53,14.3,TRADE
703,VIC1,2016/11/15 16:00:00,5193.83,16.2,TRADE
704,VIC1,2016/11/15 16:30:00,5276.64,22.98,TRADE
705,VIC1,2016/11/15 17:00:00,5334.46,28.51,TRADE
706,VIC1,2016/11/15 17:30:00,5294.79,25.74,TRADE
707,VIC1,2016/11/15 18:00:00,5289.2,24.9,TRADE
708,VIC1,2016/11/15 18:30:00,5234.95,27.06,TRADE
709,VIC1,2016/11/15 19:00:00,5240.96,34.19,TRADE
710,VIC1,2016/11/15 19:30:00,5291.42,34.95,TRADE
711,VIC1,2016/11/15 20:00:00,5349.26,50.84,TRADE
712,VIC1,2016/11/15 20:30:00,5319.77,47.58,TRADE
713,VIC1,2016/11/15 21:00:00,5165.99,37.86,TRADE
714,VIC1,2016/11/15 21:30:00,4895.89,12.85,TRADE
715,VIC1,2016/11/15 22:00:00,4668.07,10.5,TRADE
716,VIC1,2016/11/15 22:30:00,4540.65,66.17,TRADE
717,VIC1,2016/11/15 23:00:00,4541.17,39.12,TRADE
718,VIC1,2016/11/15 23:30:00,4801.4,35.3,TRADE
719,VIC1,2016/11/16 00:00:00,4865.87,17.46,TRADE
720,VIC1,2016/11/16 00:30:00,4651.1,10.67,TRADE
721,VIC1,2016/11/16 01:00:00,4497.99,10.15,TRADE
722,VIC1,2016/11/16 01:30:00,4358.71,11.32,TRADE
723,VIC1,2016/11/16 02:00:00,4251.36,10.48,TRADE
724,VIC1,2016/11/16 02:30:00,4169.18,10.46,TRADE
725,VIC1,2016/11/16 03:00:00,4145.82,10.4,TRADE
726,VIC1,2016/11/16 03:30:00,4122.6,10.42,TRADE
727,VIC1,2016/11/16 04:00:00,4210.66,10.5,TRADE
728,VIC1,2016/11/16 04:30:00,4355.34,10.5,TRADE
729,VIC1,2016/11/16 05:00:00,4509.08,10.5,TRADE
730,VIC1,2016/11/16 05:30:00,4894.79,11.42,TRADE
731,VIC1,2016/11/16 06:00:00,5274.89,10.41,TRADE
732,VIC1,2016/11/16 06:30:00,5659.61,57.31,TRADE
733,VIC1,2016/11/16 07:00:00,5909.92,66.76,TRADE
734,VIC1,2016/11/16 07:30:00,5729.17,40.5,TRADE
735,VIC1,2016/11/16 08:00:00,5723.82,43.62,TRADE
736,VIC1,2016/11/16 08:30:00,5658.9,42.34,TRADE
737,VIC1,2016/11/16 09:00:00,5583.14,39.87,TRADE
738,VIC1,2016/11/16 09:30:00,5481.61,31.75,TRADE
739,VIC1,2016/11/16 10:00:00,5424.86,33.25,TRADE
740,VIC1,2016/11/16 10:30:00,5354.42,38.52,TRADE
741,VIC1,2016/11/16 11:00:00,5352.37,39.88,TRADE
742,VIC1,2016/11/16 11:30:00,5287.3,35.26,TRADE
743,VIC1,2016/11/16 12:00:00,5261.08,40.27,TRADE
744,VIC1,2016/11/16 12:30:00,5224.16,50.74,TRADE
745,VIC1,2016/11/16 13:00:00,5214.06,51.11,TRADE
746,VIC1,2016/11/16 13:30:00,5257.94,50.36,TRADE
747,VIC1,2016/11/16 14:00:00,5248.55,53.17,TRADE
748,VIC1,2016/11/16 14:30:00,5238.81,57.43,TRADE
749,VIC1,2016/11/16 15:00:00,5261.43,54.8,TRADE
750,VIC1,2016/11/16 15:30:00,5352.05,68.27,TRADE
751,VIC1,2016/11/16 16:00:00,5410.13,63.19,TRADE
752,VIC1,2016/11/16 16:30:00,5438.94,53.81,TRADE
753,VIC1,2016/11/16 17:00:00,5475.01,45.08,TRADE
754,VIC1,2016/11/16 17:30:00,5453.6,38.48,TRADE
755,VIC1,2016/11/16 18:00:00,5421.23,33.61,TRADE
756,VIC1,2016/11/16 18:30:00,5355.93,39.77,TRADE
757,VIC1,2016/11/16 19:00:00,5301.32,46.11,TRADE
758,VIC1,2016/11/16 19:30:00,5310.87,66.8,TRADE
759,VIC1,2016/11/16 20:00:00,5393.95,67.97,TRADE
760,VIC1,2016/11/16 20:30:00,5309.09,36.6,TRADE
761,VIC1,2016/11/16 21:00:00,5152.14,23.44,TRADE
762,VIC1,2016/11/16 21:30:00,4966.84,22.12,TRADE
763,VIC1,2016/11/16 22:00:00,4777.08,19.71,TRADE
764,VIC1,2016/11/16 22:30:00,4590.45,13.93,TRADE
765,VIC1,2016/11/16 23:00:00,4572.12,16.15,TRADE
766,VIC1,2016/11/16 23:30:00,4834.03,16.15,TRADE
767,VIC1,2016/11/17 00:00:00,4890.05,16.15,TRADE
768,VIC1,2016/11/17 00:30:00,4650.49,16.15,TRADE
769,VIC1,2016/11/17 01:00:00,4490.79,16.15,TRADE
770,VIC1,2016/11/17 01:30:00,4328.64,16.16,TRADE
771,VIC1,2016/11/17 02:00:00,4189.91,15.96,TRADE
772,VIC1,2016/11/17 02:30:00,4047.45,16.16,TRADE
773,VIC1,2016/11/17 03:00:00,3949.58,16.06,TRADE
774,VIC1,2016/11/17 03:30:00,3879.45,15.93,TRADE
775,VIC1,2016/11/17 04:00:00,3931.0,16.04,TRADE
776,VIC1,2016/11/17 04:30:00,4096.91,16.15,TRADE
777,VIC1,2016/11/17 05:00:00,4241.91,16.15,TRADE
778,VIC1,2016/11/17 05:30:00,4547.41,16.15,TRADE
779,VIC1,2016/11/17 06:00:00,4882.66,14.99,TRADE
780,VIC1,2016/11/17 06:30:00,5219.97,39.75,TRADE
781,VIC1,2016/11/17 07:00:00,5396.81,140.34,TRADE
782,VIC1,2016/11/17 07:30:00,5279.53,18.8,TRADE
783,VIC1,2016/11/17 08:00:00,5250.0,22.8,TRADE
784,VIC1,2016/11/17 08:30:00,5280.93,25.74,TRADE
785,VIC1,2016/11/17 09:00:00,5200.81,25.2,TRADE
786,VIC1,2016/11/17 09:30:00,5183.95,21.57,TRADE
787,VIC1,2016/11/17 10:00:00,5141.03,10.5,TRADE
788,VIC1,2016/11/17 10:30:00,5115.78,12.14,TRADE
789,VIC1,2016/11/17 11:00:00,5157.79,20.19,TRADE
790,VIC1,2016/11/17 11:30:00,5174.56,18.4,TRADE
791,VIC1,2016/11/17 12:00:00,5204.64,16.2,TRADE
792,VIC1,2016/11/17 12:30:00,5267.27,20.09,TRADE
793,VIC1,2016/11/17 13:00:00,5326.69,23.16,TRADE
794,VIC1,2016/11/17 13:30:00,5396.39,22.63,TRADE
795,VIC1,2016/11/17 14:00:00,5479.93,23.04,TRADE
796,VIC1,2016/11/17 14:30:00,5558.99,36.99,TRADE
797,VIC1,2016/11/17 15:00:00,5699.21,34.48,TRADE
798,VIC1,2016/11/17 15:30:00,5720.39,24.98,TRADE
799,VIC1,2016/11/17 16:00:00,5812.44,29.18,TRADE
800,VIC1,2016/11/17 16:30:00,5965.27,49.03,TRADE
801,VIC1,2016/11/17 17:00:00,6031.53,50.5,TRADE
802,VIC1,2016/11/17 17:30:00,5900.98,49.35,TRADE
803,VIC1,2016/11/17 18:00:00,5848.93,48.86,TRADE
804,VIC1,2016/11/17 18:30:00,5777.58,45.62,TRADE
805,VIC1,2016/11/17 19:00:00,5680.15,39.54,TRADE
806,VIC1,2016/11/17 19:30:00,5688.06,37.49,TRADE
807,VIC1,2016/11/17 20:00:00,5645.86,38.61,TRADE
808,VIC1,2016/11/17 20:30:00,5496.1,26.51,TRADE
809,VIC1,2016/11/17 21:00:00,5305.07,17.41,TRADE
810,VIC1,2016/11/17 21:30:00,5113.03,26.5,TRADE
811,VIC1,2016/11/17 22:00:00,4872.71,20.82,TRADE
812,VIC1,2016/11/17 22:30:00,4823.05,21.89,TRADE
813,VIC1,2016/11/17 23:00:00,4774.79,21.36,TRADE
814,VIC1,2016/11/17 23:30:00,5012.82,32.9,TRADE
815,VIC1,2016/11/18 00:00:00,5047.25,46.34,TRADE
816,VIC1,2016/11/18 00:30:00,4788.11,18.02,TRADE
817,VIC1,2016/11/18 01:00:00,4604.41,16.36,TRADE
818,VIC1,2016/11/18 01:30:00,4422.57,15.87,TRADE
819,VIC1,2016/11/18 02:00:00,4254.52,16.16,TRADE
820,VIC1,2016/11/18 02:30:00,4153.11,16.15,TRADE
821,VIC1,2016/11/18 03:00:00,4123.43,16.16,TRADE
822,VIC1,2016/11/18 03:30:00,4141.36,17.84,TRADE
823,VIC1,2016/11/18 04:00:00,4148.93,16.18,TRADE
824,VIC1,2016/11/18 04:30:00,4298.75,16.62,TRADE
825,VIC1,2016/11/18 05:00:00,4458.8,17.74,TRADE
826,VIC1,2016/11/18 05:30:00,4687.52,12.43,TRADE
827,VIC1,2016/11/18 06:00:00,4953.78,15.68,TRADE
828,VIC1,2016/11/18 06:30:00,5324.15,47.4,TRADE
829,VIC1,2016/11/18 07:00:00,5571.22,80.35,TRADE
830,VIC1,2016/11/18 07:30:00,5508.35,37.19,TRADE
831,VIC1,2016/11/18 08:00:00,5512.27,42.39,TRADE
832,VIC1,2016/11/18 08:30:00,5566.15,46.26,TRADE
833,VIC1,2016/11/18 09:00:00,5542.29,47.22,TRADE
834,VIC1,2016/11/18 09:30:00,5536.7,56.45,TRADE
835,VIC1,2016/11/18 10:00:00,5517.05,48.64,TRADE
836,VIC1,2016/11/18 10:30:00,5530.27,49.45,TRADE
837,VIC1,2016/11/18 11:00:00,5530.95,48.07,TRADE
838,VIC1,2016/11/18 11:30:00,5582.39,47.37,TRADE
839,VIC1,2016/11/18 12:00:00,5616.76,45.4,TRADE
840,VIC1,2016/11/18 12:30:00,5599.67,44.53,TRADE
841,VIC1,2016/11/18 13:00:00,5560.3,44.46,TRADE
842,VIC1,2016/11/18 13:30:00,5474.69,42.21,TRADE
843,VIC1,2016/11/18 14:00:00,5428.98,27.73,TRADE
844,VIC1,2016/11/18 14:30:00,5351.92,14.62,TRADE
845,VIC1,2016/11/18 15:00:00,5278.56,9.41,TRADE
846,VIC1,2016/11/18 15:30:00,5272.46,13.02,TRADE
847,VIC1,2016/11/18 16:00:00,5344.09,14.92,TRADE
848,VIC1,2016/11/18 16:30:00,5337.34,11.01,TRADE
849,VIC1,2016/11/18 17:00:00,5380.41,19.36,TRADE
850,VIC1,2016/11/18 17:30:00,5380.18,52.31,TRADE
851,VIC1,2016/11/18 18:00:00,5312.01,48.23,TRADE
852,VIC1,2016/11/18 18:30:00,5178.48,39.33,TRADE
853,VIC1,2016/11/18 19:00:00,5181.99,50.99,TRADE
854,VIC1,2016/11/18 19:30:00,5169.91,34.38,TRADE
855,VIC1,2016/11/18 20:00:00,5235.91,39.26,TRADE
856,VIC1,2016/11/18 20:30:00,5107.31,27.7,TRADE
857,VIC1,2016/11/18 21:00:00,4976.2,24.27,TRADE
858,VIC1,2016/11/18 21:30:00,4726.74,13.52,TRADE
859,VIC1,2016/11/18 22:00:00,4540.73,16.16,TRADE
860,VIC1,2016/11/18 22:30:00,4471.7,16.15,TRADE
861,VIC1,2016/11/18 23:00:00,4431.34,12.38,TRADE
862,VIC1,2016/11/18 23:30:00,4720.09,19.46,TRADE
863,VIC1,2016/11/19 00:00:00,4805.44,16.16,TRADE
864,VIC1,2016/11/19 00:30:00,4506.72,16.15,TRADE
865,VIC1,2016/11/19 01:00:00,4360.21,15.55,TRADE
866,VIC1,2016/11/19 01:30:00,4255.64,15.09,TRADE
867,VIC1,2016/11/19 02:00:00,4059.18,15.79,TRADE
868,VIC1,2016/11/19 02:30:00,3930.63,16.15,TRADE
869,VIC1,2016/11/19 03:00:00,3819.86,16.15,TRADE
870,VIC1,2016/11/19 03:30:00,3815.65,16.16,TRADE
871,VIC1,2016/11/19 04:00:00,3810.8,16.15,TRADE
872,VIC1,2016/11/19 04:30:00,3871.79,16.15,TRADE
873,VIC1,2016/11/19 05:00:00,3942.9,16.15,TRADE
874,VIC1,2016/11/19 05:30:00,4038.85,16.06,TRADE
875,VIC1,2016/11/19 06:00:00,4167.14,16.15,TRADE
876,VIC1,2016/11/19 06:30:00,4320.39,16.64,TRADE
877,VIC1,2016/11/19 07:00:00,4504.81,18.15,TRADE
878,VIC1,2016/11/19 07:30:00,4539.7,20.29,TRADE
879,VIC1,2016/11/19 08:00:00,4650.79,38.53,TRADE
880,VIC1,2016/11/19 08:30:00,4631.28,29.27,TRADE
881,VIC1,2016/11/19 09:00:00,4588.57,23.73,TRADE
882,VIC1,2016/11/19 09:30:00,4558.7,21.15,TRADE
883,VIC1,2016/11/19 10:00:00,4501.29,20.57,TRADE
884,VIC1,2016/11/19 10:30:00,4449.82,20.61,TRADE
885,VIC1,2016/11/19 11:00:00,4433.75,21.11,TRADE
886,VIC1,2016/11/19 11:30:00,4439.21,25.52,TRADE
887,VIC1,2016/11/19 12:00:00,4396.31,28.18,TRADE
888,VIC1,2016/11/19 12:30:00,4389.33,27.26,TRADE
889,VIC1,2016/11/19 13:00:00,4393.16,25.34,TRADE
890,VIC1,2016/11/19 13:30:00,4369.11,20.08,TRADE
891,VIC1,2016/11/19 14:00:00,4446.66,23.73,TRADE
892,VIC1,2016/11/19 14:30:00,4431.55,20.49,TRADE
893,VIC1,2016/11/19 15:00:00,4462.39,23.42,TRADE
894,VIC1,2016/11/19 15:30:00,4541.9,25.2,TRADE
895,VIC1,2016/11/19 16:00:00,4646.27,25.89,TRADE
896,VIC1,2016/11/19 16:30:00,4750.48,18.88,TRADE
897,VIC1,2016/11/19 17:00:00,4870.13,22.64,TRADE
898,VIC1,2016/11/19 17:30:00,4906.31,30.26,TRADE
899,VIC1,2016/11/19 18:00:00,4921.25,34.45,TRADE
900,VIC1,2016/11/19 18:30:00,4886.51,28.29,TRADE
901,VIC1,2016/11/19 19:00:00,4816.33,23.19,TRADE
902,VIC1,2016/11/19 19:30:00,4777.52,32.58,TRADE
903,VIC1,2016/11/19 20:00:00,4808.77,39.85,TRADE
904,VIC1,2016/11/19 20:30:00,4759.49,37.52,TRADE
905,VIC1,2016/11/19 21:00:00,4688.42,30.7,TRADE
906,VIC1,2016/11/19 21:30:00,4569.14,27.33,TRADE
907,VIC1,2016/11/19 22:00:00,4398.56,29.03,TRADE
908,VIC1,2016/11/19 22:30:00,4372.37,43.8,TRADE
909,VIC1,2016/11/19 23:00:00,4404.71,35.08,TRADE
910,VIC1,2016/11/19 23:30:00,4727.21,51.86,TRADE
911,VIC1,2016/11/20 00:00:00,4769.3,32.28,TRADE
912,VIC1,2016/11/20 00:30:00,4550.05,18.06,TRADE
913,VIC1,2016/11/20 01:00:00,4355.33,14.63,TRADE
914,VIC1,2016/11/20 01:30:00,4226.68,23.89,TRADE
915,VIC1,2016/11/20 02:00:00,4059.86,21.68,TRADE
916,VIC1,2016/11/20 02:30:00,3931.08,22.26,TRADE
917,VIC1,2016/11/20 03:00:00,3866.18,23.88,TRADE
918,VIC1,2016/11/20 03:30:00,3828.8,21.1,TRADE
919,VIC1,2016/11/20 04:00:00,3785.49,14.61,TRADE
920,VIC1,2016/11/20 04:30:00,3794.62,13.79,TRADE
921,VIC1,2016/11/20 05:00:00,3796.33,15.92,TRADE
922,VIC1,2016/11/20 05:30:00,3827.5,11.11,TRADE
923,VIC1,2016/11/20 06:00:00,3874.09,17.47,TRADE
924,VIC1,2016/11/20 06:30:00,4018.84,18.58,TRADE
925,VIC1,2016/11/20 07:00:00,4113.4,28.5,TRADE
926,VIC1,2016/11/20 07:30:00,4104.95,24.7,TRADE
927,VIC1,2016/11/20 08:00:00,4179.53,33.71,TRADE
928,VIC1,2016/11/20 08:30:00,4286.4,34.84,TRADE
929,VIC1,2016/11/20 09:00:00,4329.38,30.66,TRADE
930,VIC1,2016/11/20 09:30:00,4376.45,40.79,TRADE
931,VIC1,2016/11/20 10:00:00,4382.7,40.3,TRADE
932,VIC1,2016/11/20 10:30:00,4377.72,30.29,TRADE
933,VIC1,2016/11/20 11:00:00,4457.81,32.43,TRADE
934,VIC1,2016/11/20 11:30:00,4500.97,41.08,TRADE
935,VIC1,2016/11/20 12:00:00,4544.34,42.18,TRADE
936,VIC1,2016/11/20 12:30:00,4618.67,46.01,TRADE
937,VIC1,2016/11/20 13:00:00,4677.85,43.11,TRADE
938,VIC1,2016/11/20 13:30:00,4790.01,30.79,TRADE
939,VIC1,2016/11/20 14:00:00,4953.04,52.8,TRADE
940,VIC1,2016/11/20 14:30:00,5072.51,63.8,TRADE
941,VIC1,2016/11/20 15:00:00,5193.82,64.29,TRADE
942,VIC1,2016/11/20 15:30:00,5348.03,76.02,TRADE
943,VIC1,2016/11/20 16:00:00,5522.95,73.14,TRADE
944,VIC1,2016/11/20 16:30:00,5671.17,63.65,TRADE
945,VIC1,2016/11/20 17:00:00,5795.75,69.16,TRADE
946,VIC1,2016/11/20 17:30:00,5875.57,66.99,TRADE
947,VIC1,2016/11/20 18:00:00,5903.2,72.0,TRADE
948,VIC1,2016/11/20 18:30:00,5838.74,61.79,TRADE
949,VIC1,2016/11/20 19:00:00,5755.48,98.18,TRADE
950,VIC1,2016/11/20 19:30:00,5614.52,84.94,TRADE
951,VIC1,2016/11/20 20:00:00,5541.45,91.73,TRADE
952,VIC1,2016/11/20 20:30:00,5396.66,48.02,TRADE
953,VIC1,2016/11/20 21:00:00,5204.85,42.65,TRADE
954,VIC1,2016/11/20 21:30:00,4895.62,28.69,TRADE
955,VIC1,2016/11/20 22:00:00,4592.69,28.05,TRADE
956,VIC1,2016/11/20 22:30:00,4463.62,25.2,TRADE
957,VIC1,2016/11/20 23:00:00,4436.71,25.2,TRADE
958,VIC1,2016/11/20 23:30:00,4695.96,31.82,TRADE
959,VIC1,2016/11/21 00:00:00,4743.51,34.18,TRADE
960,VIC1,2016/11/21 00:30:00,4469.06,24.98,TRADE
961,VIC1,2016/11/21 01:00:00,4283.07,13.39,TRADE
962,VIC1,2016/11/21 01:30:00,4193.31,20.52,TRADE
963,VIC1,2016/11/21 02:00:00,4052.66,11.17,TRADE
964,VIC1,2016/11/21 02:30:00,4025.62,16.08,TRADE
965,VIC1,2016/11/21 03:00:00,3950.28,13.18,TRADE
966,VIC1,2016/11/21 03:30:00,3877.56,11.8,TRADE
967,VIC1,2016/11/21 04:00:00,3884.94,15.75,TRADE
968,VIC1,2016/11/21 04:30:00,3966.15,21.07,TRADE
969,VIC1,2016/11/21 05:00:00,4113.45,22.8,TRADE
970,VIC1,2016/11/21 05:30:00,4445.28,24.63,TRADE
971,VIC1,2016/11/21 06:00:00,4834.08,25.12,TRADE
972,VIC1,2016/11/21 06:30:00,5262.87,37.33,TRADE
973,VIC1,2016/11/21 07:00:00,5541.71,42.07,TRADE
974,VIC1,2016/11/21 07:30:00,5586.96,37.5,TRADE
975,VIC1,2016/11/21 08:00:00,5812.17,48.71,TRADE
976,VIC1,2016/11/21 08:30:00,6023.71,56.31,TRADE
977,VIC1,2016/11/21 09:00:00,6141.91,63.36,TRADE
978,VIC1,2016/11/21 09:30:00,6240.45,57.9,TRADE
979,VIC1,2016/11/21 10:00:00,6368.59,57.67,TRADE
980,VIC1,2016/11/21 10:30:00,6488.47,56.61,TRADE
981,VIC1,2016/11/21 11:00:00,6573.5,49.73,TRADE
982,VIC1,2016/11/21 11:30:00,6666.65,50.92,TRADE
983,VIC1,2016/11/21 12:00:00,6828.09,55.54,TRADE
984,VIC1,2016/11/21 12:30:00,6986.63,67.08,TRADE
985,VIC1,2016/11/21 13:00:00,7038.54,101.95,TRADE
986,VIC1,2016/11/21 13:30:00,7217.41,66.81,TRADE
987,VIC1,2016/11/21 14:00:00,7415.66,75.72,TRADE
988,VIC1,2016/11/21 14:30:00,7425.18,75.38,TRADE
989,VIC1,2016/11/21 15:00:00,7439.08,80.04,TRADE
990,VIC1,2016/11/21 15:30:00,7651.71,84.33,TRADE
991,VIC1,2016/11/21 16:00:00,7702.02,77.97,TRADE
992,VIC1,2016/11/21 16:30:00,7723.42,78.23,TRADE
993,VIC1,2016/11/21 17:00:00,7639.25,70.16,TRADE
994,VIC1,2016/11/21 17:30:00,7073.44,50.97,TRADE
995,VIC1,2016/11/21 18:00:00,6579.68,39.6,TRADE
996,VIC1,2016/11/21 18:30:00,6418.81,54.99,TRADE
997,VIC1,2016/11/21 19:00:00,6298.19,57.44,TRADE
998,VIC1,2016/11/21 19:30:00,6152.96,72.67,TRADE
999,VIC1,2016/11/21 20:00:00,6054.22,51.35,TRADE
1000,VIC1,2016/11/21 20:30:00,5686.61,43.57,TRADE
1001,VIC1,2016/11/21 21:00:00,5490.78,35.41,TRADE
1002,VIC1,2016/11/21 21:30:00,5225.78,37.79,TRADE
1003,VIC1,2016/11/21 22:00:00,4990.39,34.83,TRADE
1004,VIC1,2016/11/21 22:30:00,4846.65,49.1,TRADE
1005,VIC1,2016/11/21 23:00:00,4849.86,34.36,TRADE
1006,VIC1,2016/11/21 23:30:00,5083.31,36.55,TRADE
1007,VIC1,2016/11/22 00:00:00,5001.38,38.58,TRADE
1008,VIC1,2016/11/22 00:30:00,4787.97,34.35,TRADE
1009,VIC1,2016/11/22 01:00:00,4596.59,34.94,TRADE
1010,VIC1,2016/11/22 01:30:00,4473.05,32.76,TRADE
1011,VIC1,2016/11/22 02:00:00,4343.31,33.44,TRADE
1012,VIC1,2016/11/22 02:30:00,4233.09,30.64,TRADE
1013,VIC1,2016/11/22 03:00:00,4214.18,32.6,TRADE
1014,VIC1,2016/11/22 03:30:00,4188.21,29.14,TRADE
1015,VIC1,2016/11/22 04:00:00,4227.65,29.24,TRADE
1016,VIC1,2016/11/22 04:30:00,4256.79,29.78,TRADE
1017,VIC1,2016/11/22 05:00:00,4424.46,30.38,TRADE
1018,VIC1,2016/11/22 05:30:00,4729.62,33.2,TRADE
1019,VIC1,2016/11/22 06:00:00,5087.31,35.41,TRADE
1020,VIC1,2016/11/22 06:30:00,5502.77,34.08,TRADE
1021,VIC1,2016/11/22 07:00:00,5835.44,39.18,TRADE
1022,VIC1,2016/11/22 07:30:00,5759.2,27.27,TRADE
1023,VIC1,2016/11/22 08:00:00,5795.72,29.74,TRADE
1024,VIC1,2016/11/22 08:30:00,5844.38,39.72,TRADE
1025,VIC1,2016/11/22 09:00:00,5867.55,37.19,TRADE
1026,VIC1,2016/11/22 09:30:00,5855.19,43.71,TRADE
1027,VIC1,2016/11/22 10:00:00,5843.33,50.66,TRADE
1028,VIC1,2016/11/22 10:30:00,5843.86,56.34,TRADE
1029,VIC1,2016/11/22 11:00:00,5789.64,74.67,TRADE
1030,VIC1,2016/11/22 11:30:00,5778.9,88.57,TRADE
1031,VIC1,2016/11/22 12:00:00,5765.76,72.75,TRADE
1032,VIC1,2016/11/22 12:30:00,5726.69,69.32,TRADE
1033,VIC1,2016/11/22 13:00:00,5761.58,62.03,TRADE
1034,VIC1,2016/11/22 13:30:00,5773.56,76.13,TRADE
1035,VIC1,2016/11/22 14:00:00,5564.7,53.34,TRADE
1036,VIC1,2016/11/22 14:30:00,5664.49,-289.19,TRADE
1037,VIC1,2016/11/22 15:00:00,5635.99,36.08,TRADE
1038,VIC1,2016/11/22 15:30:00,5677.09,28.78,TRADE
1039,VIC1,2016/11/22 16:00:00,5786.31,82.81,TRADE
1040,VIC1,2016/11/22 16:30:00,5860.47,53.03,TRADE
1041,VIC1,2016/11/22 17:00:00,5856.14,61.26,TRADE
1042,VIC1,2016/11/22 17:30:00,5828.53,70.37,TRADE
1043,VIC1,2016/11/22 18:00:00,5740.54,49.44,TRADE
1044,VIC1,2016/11/22 18:30:00,5608.66,45.51,TRADE
1045,VIC1,2016/11/22 19:00:00,5569.88,41.42,TRADE
1046,VIC1,2016/11/22 19:30:00,5540.0,37.64,TRADE
1047,VIC1,2016/11/22 20:00:00,5489.03,30.94,TRADE
1048,VIC1,2016/11/22 20:30:00,5345.95,27.28,TRADE
1049,VIC1,2016/11/22 21:00:00,5176.37,28.65,TRADE
1050,VIC1,2016/11/22 21:30:00,4852.83,25.79,TRADE
1051,VIC1,2016/11/22 22:00:00,4681.27,22.33,TRADE
1052,VIC1,2016/11/22 22:30:00,4599.92,41.84,TRADE
1053,VIC1,2016/11/22 23:00:00,4590.43,38.55,TRADE
1054,VIC1,2016/11/22 23:30:00,4859.66,39.9,TRADE
1055,VIC1,2016/11/23 00:00:00,4933.3,42.68,TRADE
1056,VIC1,2016/11/23 00:30:00,4707.24,45.54,TRADE
1057,VIC1,2016/11/23 01:00:00,4532.08,39.05,TRADE
1058,VIC1,2016/11/23 01:30:00,4352.07,26.14,TRADE
1059,VIC1,2016/11/23 02:00:00,4209.83,24.65,TRADE
1060,VIC1,2016/11/23 02:30:00,4076.98,23.73,TRADE
1061,VIC1,2016/11/23 03:00:00,4009.21,25.2,TRADE
1062,VIC1,2016/11/23 03:30:00,4010.32,24.11,TRADE
1063,VIC1,2016/11/23 04:00:00,3977.19,18.57,TRADE
1064,VIC1,2016/11/23 04:30:00,4096.85,26.85,TRADE
1065,VIC1,2016/11/23 05:00:00,4280.5,31.02,TRADE
1066,VIC1,2016/11/23 05:30:00,4637.48,46.32,TRADE
1067,VIC1,2016/11/23 06:00:00,5015.91,45.16,TRADE
1068,VIC1,2016/11/23 06:30:00,5343.17,60.18,TRADE
1069,VIC1,2016/11/23 07:00:00,5633.08,72.58,TRADE
1070,VIC1,2016/11/23 07:30:00,5490.95,42.08,TRADE
1071,VIC1,2016/11/23 08:00:00,5396.86,43.39,TRADE
1072,VIC1,2016/11/23 08:30:00,5345.59,44.7,TRADE
1073,VIC1,2016/11/23 09:00:00,5344.41,45.91,TRADE
1074,VIC1,2016/11/23 09:30:00,5322.13,48.76,TRADE
1075,VIC1,2016/11/23 10:00:00,5239.64,69.7,TRADE
1076,VIC1,2016/11/23 10:30:00,5214.2,60.74,TRADE
1077,VIC1,2016/11/23 11:00:00,5177.75,49.67,TRADE
1078,VIC1,2016/11/23 11:30:00,5123.3,50.6,TRADE
1079,VIC1,2016/11/23 12:00:00,5117.95,45.68,TRADE
1080,VIC1,2016/11/23 12:30:00,5121.31,58.89,TRADE
1081,VIC1,2016/11/23 13:00:00,5130.47,71.87,TRADE
1082,VIC1,2016/11/23 13:30:00,5220.43,68.58,TRADE
1083,VIC1,2016/11/23 14:00:00,5186.17,49.64,TRADE
1084,VIC1,2016/11/23 14:30:00,5105.66,43.9,TRADE
1085,VIC1,2016/11/23 15:00:00,5057.5,45.55,TRADE
1086,VIC1,2016/11/23 15:30:00,5058.3,33.02,TRADE
1087,VIC1,2016/11/23 16:00:00,5046.56,34.94,TRADE
1088,VIC1,2016/11/23 16:30:00,5116.2,30.13,TRADE
1089,VIC1,2016/11/23 17:00:00,5179.71,20.09,TRADE
1090,VIC1,2016/11/23 17:30:00,5122.0,10.88,TRADE
1091,VIC1,2016/11/23 18:00:00,5143.2,39.45,TRADE
1092,VIC1,2016/11/23 18:30:00,5066.09,37.65,TRADE
1093,VIC1,2016/11/23 19:00:00,5092.4,46.05,TRADE
1094,VIC1,2016/11/23 19:30:00,5117.76,48.22,TRADE
1095,VIC1,2016/11/23 20:00:00,5253.14,52.68,TRADE
1096,VIC1,2016/11/23 20:30:00,5216.47,49.72,TRADE
1097,VIC1,2016/11/23 21:00:00,5069.34,42.55,TRADE
1098,VIC1,2016/11/23 21:30:00,4861.65,42.49,TRADE
1099,VIC1,2016/11/23 22:00:00,4646.01,27.69,TRADE
1100,VIC1,2016/11/23 22:30:00,4500.26,26.27,TRADE
1101,VIC1,2016/11/23 23:00:00,4505.43,13.43,TRADE
1102,VIC1,2016/11/23 23:30:00,4833.97,24.74,TRADE
1103,VIC1,2016/11/24 00:00:00,4916.27,29.58,TRADE
1104,VIC1,2016/11/24 00:30:00,4670.2,13.74,TRADE
1105,VIC1,2016/11/24 01:00:00,4556.84,10.28,TRADE
1106,VIC1,2016/11/24 01:30:00,4427.05,15.03,TRADE
1107,VIC1,2016/11/24 02:00:00,4251.14,10.42,TRADE
1108,VIC1,2016/11/24 02:30:00,4153.27,10.5,TRADE
1109,VIC1,2016/11/24 03:00:00,4060.65,10.79,TRADE
1110,VIC1,2016/11/24 03:30:00,4075.1,11.74,TRADE
1111,VIC1,2016/11/24 04:00:00,4123.78,11.1,TRADE
1112,VIC1,2016/11/24 04:30:00,4276.93,14.41,TRADE
1113,VIC1,2016/11/24 05:00:00,4433.26,15.49,TRADE
1114,VIC1,2016/11/24 05:30:00,4841.67,37.55,TRADE
1115,VIC1,2016/11/24 06:00:00,5156.27,51.48,TRADE
1116,VIC1,2016/11/24 06:30:00,5605.15,76.29,TRADE
1117,VIC1,2016/11/24 07:00:00,5872.42,83.17,TRADE
1118,VIC1,2016/11/24 07:30:00,5781.78,55.39,TRADE
1119,VIC1,2016/11/24 08:00:00,5657.57,53.16,TRADE
1120,VIC1,2016/11/24 08:30:00,5626.4,51.84,TRADE
1121,VIC1,2016/11/24 09:00:00,5556.22,48.6,TRADE
1122,VIC1,2016/11/24 09:30:00,5525.0,51.7,TRADE
1123,VIC1,2016/11/24 10:00:00,5523.97,51.83,TRADE
1124,VIC1,2016/11/24 10:30:00,5508.95,53.58,TRADE
1125,VIC1,2016/11/24 11:00:00,5452.68,51.66,TRADE
1126,VIC1,2016/11/24 11:30:00,5349.39,45.44,TRADE
1127,VIC1,2016/11/24 12:00:00,5255.1,47.58,TRADE
1128,VIC1,2016/11/24 12:30:00,5234.65,46.55,TRADE
1129,VIC1,2016/11/24 13:00:00,5199.0,46.49,TRADE
1130,VIC1,2016/11/24 13:30:00,5175.01,59.63,TRADE
1131,VIC1,2016/11/24 14:00:00,5049.96,41.97,TRADE
1132,VIC1,2016/11/24 14:30:00,5011.63,43.51,TRADE
1133,VIC1,2016/11/24 15:00:00,5041.77,39.28,TRADE
1134,VIC1,2016/11/24 15:30:00,5021.23,41.82,TRADE
1135,VIC1,2016/11/24 16:00:00,5125.11,46.27,TRADE
1136,VIC1,2016/11/24 16:30:00,5185.22,42.14,TRADE
1137,VIC1,2016/11/24 17:00:00,5220.22,41.97,TRADE
1138,VIC1,2016/11/24 17:30:00,5201.38,38.97,TRADE
1139,VIC1,2016/11/24 18:00:00,5193.3,29.13,TRADE
1140,VIC1,2016/11/24 18:30:00,5130.54,26.87,TRADE
1141,VIC1,2016/11/24 19:00:00,5179.01,38.9,TRADE
1142,VIC1,2016/11/24 19:30:00,5172.07,40.81,TRADE
1143,VIC1,2016/11/24 20:00:00,5267.23,39.65,TRADE
1144,VIC1,2016/11/24 20:30:00,5177.72,38.14,TRADE
1145,VIC1,2016/11/24 21:00:00,5059.3,37.5,TRADE
1146,VIC1,2016/11/24 21:30:00,4861.54,33.17,TRADE
1147,VIC1,2016/11/24 22:00:00,4635.62,23.7,TRADE
1148,VIC1,2016/11/24 22:30:00,4548.75,11.45,TRADE
1149,VIC1,2016/11/24 23:00:00,4488.99,10.5,TRADE
1150,VIC1,2016/11/24 23:30:00,4780.78,23.79,TRADE
1151,VIC1,2016/11/25 00:00:00,4806.29,20.84,TRADE
1152,VIC1,2016/11/25 00:30:00,4535.98,11.45,TRADE
1153,VIC1,2016/11/25 01:00:00,4446.84,12.18,TRADE
1154,VIC1,2016/11/25 01:30:00,4294.9,11.44,TRADE
1155,VIC1,2016/11/25 02:00:00,4141.75,9.84,TRADE
1156,VIC1,2016/11/25 02:30:00,3975.93,9.98,TRADE
1157,VIC1,2016/11/25 03:00:00,3850.66,9.7,TRADE
1158,VIC1,2016/11/25 03:30:00,3854.73,9.72,TRADE
1159,VIC1,2016/11/25 04:00:00,3895.3,11.15,TRADE
1160,VIC1,2016/11/25 04:30:00,4005.31,10.5,TRADE
1161,VIC1,2016/11/25 05:00:00,4128.63,10.94,TRADE
1162,VIC1,2016/11/25 05:30:00,4507.21,28.36,TRADE
1163,VIC1,2016/11/25 06:00:00,4882.71,21.86,TRADE
1164,VIC1,2016/11/25 06:30:00,5307.43,48.74,TRADE
1165,VIC1,2016/11/25 07:00:00,5527.32,52.86,TRADE
1166,VIC1,2016/11/25 07:30:00,5324.72,38.6,TRADE
1167,VIC1,2016/11/25 08:00:00,5280.28,31.82,TRADE
1168,VIC1,2016/11/25 08:30:00,5269.05,32.09,TRADE
1169,VIC1,2016/11/25 09:00:00,5224.95,34.67,TRADE
1170,VIC1,2016/11/25 09:30:00,5151.49,34.83,TRADE
1171,VIC1,2016/11/25 10:00:00,5127.9,37.22,TRADE
1172,VIC1,2016/11/25 10:30:00,5061.4,31.29,TRADE
1173,VIC1,2016/11/25 11:00:00,5041.34,31.29,TRADE
1174,VIC1,2016/11/25 11:30:00,5019.44,32.13,TRADE
1175,VIC1,2016/11/25 12:00:00,4989.15,33.14,TRADE
1176,VIC1,2016/11/25 12:30:00,4945.98,32.38,TRADE
1177,VIC1,2016/11/25 13:00:00,4960.69,36.76,TRADE
1178,VIC1,2016/11/25 13:30:00,4986.21,33.86,TRADE
1179,VIC1,2016/11/25 14:00:00,4975.41,34.04,TRADE
1180,VIC1,2016/11/25 14:30:00,4913.18,31.61,TRADE
1181,VIC1,2016/11/25 15:00:00,4875.82,36.53,TRADE
1182,VIC1,2016/11/25 15:30:00,4919.05,34.46,TRADE
1183,VIC1,2016/11/25 16:00:00,5003.87,25.68,TRADE
1184,VIC1,2016/11/25 16:30:00,5080.67,25.21,TRADE
1185,VIC1,2016/11/25 17:00:00,5166.66,24.35,TRADE
1186,VIC1,2016/11/25 17:30:00,5136.63,13.35,TRADE
1187,VIC1,2016/11/25 18:00:00,5165.27,25.06,TRADE
1188,VIC1,2016/11/25 18:30:00,5116.03,24.53,TRADE
1189,VIC1,2016/11/25 19:00:00,5149.99,27.29,TRADE
1190,VIC1,2016/11/25 19:30:00,5155.0,27.03,TRADE
1191,VIC1,2016/11/25 20:00:00,5276.11,47.66,TRADE
1192,VIC1,2016/11/25 20:30:00,5179.82,46.09,TRADE
1193,VIC1,2016/11/25 21:00:00,5012.49,35.87,TRADE
1194,VIC1,2016/11/25 21:30:00,4845.41,32.49,TRADE
1195,VIC1,2016/11/25 22:00:00,4634.56,21.09,TRADE
1196,VIC1,2016/11/25 22:30:00,4551.02,15.4,TRADE
1197,VIC1,2016/11/25 23:00:00,4529.82,14.29,TRADE
1198,VIC1,2016/11/25 23:30:00,4792.73,23.94,TRADE
1199,VIC1,2016/11/26 00:00:00,4846.61,34.15,TRADE
1200,VIC1,2016/11/26 00:30:00,4602.74,20.76,TRADE
1201,VIC1,2016/11/26 01:00:00,4404.98,23.46,TRADE
1202,VIC1,2016/11/26 01:30:00,4209.23,16.23,TRADE
1203,VIC1,2016/11/26 02:00:00,4018.91,16.18,TRADE
1204,VIC1,2016/11/26 02:30:00,3891.34,16.15,TRADE
1205,VIC1,2016/11/26 03:00:00,3826.41,15.94,TRADE
1206,VIC1,2016/11/26 03:30:00,3824.91,16.18,TRADE
1207,VIC1,2016/11/26 04:00:00,3763.58,14.4,TRADE
1208,VIC1,2016/11/26 04:30:00,3818.01,16.15,TRADE
1209,VIC1,2016/11/26 05:00:00,3912.7,21.59,TRADE
1210,VIC1,2016/11/26 05:30:00,4022.59,25.66,TRADE
1211,VIC1,2016/11/26 06:00:00,4157.58,28.01,TRADE
1212,VIC1,2016/11/26 06:30:00,4300.1,32.2,TRADE
1213,VIC1,2016/11/26 07:00:00,4502.47,49.75,TRADE
1214,VIC1,2016/11/26 07:30:00,4514.95,27.97,TRADE
1215,VIC1,2016/11/26 08:00:00,4637.39,24.08,TRADE
1216,VIC1,2016/11/26 08:30:00,4603.3,18.09,TRADE
1217,VIC1,2016/11/26 09:00:00,4616.27,16.4,TRADE
1218,VIC1,2016/11/26 09:30:00,4642.48,16.4,TRADE
1219,VIC1,2016/11/26 10:00:00,4616.62,18.27,TRADE
1220,VIC1,2016/11/26 10:30:00,4601.55,32.46,TRADE
1221,VIC1,2016/11/26 11:00:00,4558.65,25.84,TRADE
1222,VIC1,2016/11/26 11:30:00,4471.71,22.23,TRADE
1223,VIC1,2016/11/26 12:00:00,4357.08,19.83,TRADE
1224,VIC1,2016/11/26 12:30:00,4297.56,19.04,TRADE
1225,VIC1,2016/11/26 13:00:00,4227.19,16.77,TRADE
1226,VIC1,2016/11/26 13:30:00,4169.62,10.99,TRADE
1227,VIC1,2016/11/26 14:00:00,4173.34,16.93,TRADE
1228,VIC1,2016/11/26 14:30:00,4173.47,18.8,TRADE
1229,VIC1,2016/11/26 15:00:00,4185.09,18.79,TRADE
1230,VIC1,2016/11/26 15:30:00,4200.19,17.54,TRADE
1231,VIC1,2016/11/26 16:00:00,4292.78,16.18,TRADE
1232,VIC1,2016/11/26 16:30:00,4359.67,16.2,TRADE
1233,VIC1,2016/11/26 17:00:00,4438.71,16.75,TRADE
1234,VIC1,2016/11/26 17:30:00,4520.74,23.14,TRADE
1235,VIC1,2016/11/26 18:00:00,4594.72,21.91,TRADE
1236,VIC1,2016/11/26 18:30:00,4599.34,26.51,TRADE
1237,VIC1,2016/11/26 19:00:00,4626.12,26.15,TRADE
1238,VIC1,2016/11/26 19:30:00,4659.03,33.01,TRADE
1239,VIC1,2016/11/26 20:00:00,4738.52,52.39,TRADE
1240,VIC1,2016/11/26 20:30:00,4718.97,49.76,TRADE
1241,VIC1,2016/11/26 21:00:00,4628.6,36.65,TRADE
1242,VIC1,2016/11/26 21:30:00,4504.5,24.35,TRADE
1243,VIC1,2016/11/26 22:00:00,4354.89,18.28,TRADE
1244,VIC1,2016/11/26 22:30:00,4272.26,17.07,TRADE
1245,VIC1,2016/11/26 23:00:00,4304.7,17.45,TRADE
1246,VIC1,2016/11/26 23:30:00,4637.94,42.91,TRADE
1247,VIC1,2016/11/27 00:00:00,4648.37,46.26,TRADE
1248,VIC1,2016/11/27 00:30:00,4443.37,22.26,TRADE
1249,VIC1,2016/11/27 01:00:00,4244.71,17.03,TRADE
1250,VIC1,2016/11/27 01:30:00,4096.26,17.72,TRADE
1251,VIC1,2016/11/27 02:00:00,3905.52,14.07,TRADE
1252,VIC1,2016/11/27 02:30:00,3789.67,21.16,TRADE
1253,VIC1,2016/11/27 03:00:00,3730.95,15.25,TRADE
1254,VIC1,2016/11/27 03:30:00,3672.45,16.2,TRADE
1255,VIC1,2016/11/27 04:00:00,3651.46,20.36,TRADE
1256,VIC1,2016/11/27 04:30:00,3687.82,18.22,TRADE
1257,VIC1,2016/11/27 05:00:00,3684.65,18.14,TRADE
1258,VIC1,2016/11/27 05:30:00,3776.73,22.41,TRADE
1259,VIC1,2016/11/27 06:00:00,3839.3,22.04,TRADE
1260,VIC1,2016/11/27 06:30:00,3956.95,25.97,TRADE
1261,VIC1,2016/11/27 07:00:00,4070.35,26.43,TRADE
1262,VIC1,2016/11/27 07:30:00,4071.53,32.45,TRADE
1263,VIC1,2016/11/27 08:00:00,4143.41,35.85,TRADE
1264,VIC1,2016/11/27 08:30:00,4226.22,42.48,TRADE
1265,VIC1,2016/11/27 09:00:00,4289.21,49.57,TRADE
1266,VIC1,2016/11/27 09:30:00,4336.68,53.76,TRADE
1267,VIC1,2016/11/27 10:00:00,4302.71,49.85,TRADE
1268,VIC1,2016/11/27 10:30:00,4315.54,49.36,TRADE
1269,VIC1,2016/11/27 11:00:00,4308.14,42.03,TRADE
1270,VIC1,2016/11/27 11:30:00,4293.56,34.63,TRADE
1271,VIC1,2016/11/27 12:00:00,4275.06,28.6,TRADE
1272,VIC1,2016/11/27 12:30:00,4272.14,33.0,TRADE
1273,VIC1,2016/11/27 13:00:00,4251.88,28.31,TRADE
1274,VIC1,2016/11/27 13:30:00,4237.34,27.45,TRADE
1275,VIC1,2016/11/27 14:00:00,4235.04,27.58,TRADE
1276,VIC1,2016/11/27 14:30:00,4253.76,27.55,TRADE
1277,VIC1,2016/11/27 15:00:00,4299.86,29.55,TRADE
1278,VIC1,2016/11/27 15:30:00,4380.19,37.52,TRADE
1279,VIC1,2016/11/27 16:00:00,4480.18,52.13,TRADE
1280,VIC1,2016/11/27 16:30:00,4592.98,57.34,TRADE
1281,VIC1,2016/11/27 17:00:00,4692.17,60.42,TRADE
1282,VIC1,2016/11/27 17:30:00,4773.18,56.04,TRADE
1283,VIC1,2016/11/27 18:00:00,4787.75,55.77,TRADE
1284,VIC1,2016/11/27 18:30:00,4771.0,54.6,TRADE
1285,VIC1,2016/11/27 19:00:00,4754.14,58.53,TRADE
1286,VIC1,2016/11/27 19:30:00,4794.77,54.25,TRADE
1287,VIC1,2016/11/27 20:00:00,4844.24,54.88,TRADE
1288,VIC1,2016/11/27 20:30:00,4771.34,51.73,TRADE
1289,VIC1,2016/11/27 21:00:00,4636.53,44.52,TRADE
1290,VIC1,2016/11/27 21:30:00,4451.19,36.24,TRADE
1291,VIC1,2016/11/27 22:00:00,4313.09,32.27,TRADE
1292,VIC1,2016/11/27 22:30:00,4239.94,28.86,TRADE
1293,VIC1,2016/11/27 23:00:00,4258.2,29.41,TRADE
1294,VIC1,2016/11/27 23:30:00,4586.27,51.06,TRADE
1295,VIC1,2016/11/28 00:00:00,4626.68,56.42,TRADE
1296,VIC1,2016/11/28 00:30:00,4421.29,44.27,TRADE
1297,VIC1,2016/11/28 01:00:00,4291.67,33.64,TRADE
1298,VIC1,2016/11/28 01:30:00,4172.35,27.53,TRADE
1299,VIC1,2016/11/28 02:00:00,4015.42,22.09,TRADE
1300,VIC1,2016/11/28 02:30:00,3949.38,25.2,TRADE
1301,VIC1,2016/11/28 03:00:00,3872.99,24.64,TRADE
1302,VIC1,2016/11/28 03:30:00,3846.37,25.15,TRADE
1303,VIC1,2016/11/28 04:00:00,3900.87,25.2,TRADE
1304,VIC1,2016/11/28 04:30:00,4032.02,25.4,TRADE
1305,VIC1,2016/11/28 05:00:00,4259.64,35.55,TRADE
1306,VIC1,2016/11/28 05:30:00,4612.0,43.79,TRADE
1307,VIC1,2016/11/28 06:00:00,4923.68,29.26,TRADE
1308,VIC1,2016/11/28 06:30:00,5341.07,73.89,TRADE
1309,VIC1,2016/11/28 07:00:00,5604.39,109.75,TRADE
1310,VIC1,2016/11/28 07:30:00,5506.03,61.01,TRADE
1311,VIC1,2016/11/28 08:00:00,5553.12,83.61,TRADE
1312,VIC1,2016/11/28 08:30:00,5562.03,93.01,TRADE
1313,VIC1,2016/11/28 09:00:00,5507.21,75.16,TRADE
1314,VIC1,2016/11/28 09:30:00,5419.28,78.58,TRADE
1315,VIC1,2016/11/28 10:00:00,5324.74,63.88,TRADE
1316,VIC1,2016/11/28 10:30:00,5257.53,61.96,TRADE
1317,VIC1,2016/11/28 11:00:00,5233.05,74.12,TRADE
1318,VIC1,2016/11/28 11:30:00,5195.54,67.27,TRADE
1319,VIC1,2016/11/28 12:00:00,5172.71,64.2,TRADE
1320,VIC1,2016/11/28 12:30:00,5184.82,65.77,TRADE
1321,VIC1,2016/11/28 13:00:00,5156.35,69.5,TRADE
1322,VIC1,2016/11/28 13:30:00,5179.69,59.54,TRADE
1323,VIC1,2016/11/28 14:00:00,5201.64,67.75,TRADE
1324,VIC1,2016/11/28 14:30:00,5156.08,89.94,TRADE
1325,VIC1,2016/11/28 15:00:00,5259.08,95.83,TRADE
1326,VIC1,2016/11/28 15:30:00,5303.75,91.91,TRADE
1327,VIC1,2016/11/28 16:00:00,5383.1,89.8,TRADE
1328,VIC1,2016/11/28 16:30:00,5441.72,94.95,TRADE
1329,VIC1,2016/11/28 17:00:00,5445.97,86.0,TRADE
1330,VIC1,2016/11/28 17:30:00,5437.92,82.19,TRADE
1331,VIC1,2016/11/28 18:00:00,5367.94,82.52,TRADE
1332,VIC1,2016/11/28 18:30:00,5318.03,70.81,TRADE
1333,VIC1,2016/11/28 19:00:00,5278.1,80.4,TRADE
1334,VIC1,2016/11/28 19:30:00,5229.34,81.29,TRADE
1335,VIC1,2016/11/28 20:00:00,5270.13,66.21,TRADE
1336,VIC1,2016/11/28 20:30:00,5227.52,73.03,TRADE
1337,VIC1,2016/11/28 21:00:00,5001.44,62.15,TRADE
1338,VIC1,2016/11/28 21:30:00,4732.25,51.69,TRADE
1339,VIC1,2016/11/28 22:00:00,4523.14,47.35,TRADE
1340,VIC1,2016/11/28 22:30:00,4456.84,63.14,TRADE
1341,VIC1,2016/11/28 23:00:00,4472.84,73.41,TRADE
1342,VIC1,2016/11/28 23:30:00,4703.99,66.55,TRADE
1343,VIC1,2016/11/29 00:00:00,4746.62,73.48,TRADE
1344,VIC1,2016/11/29 00:30:00,4537.08,63.62,TRADE
1345,VIC1,2016/11/29 01:00:00,4378.18,56.86,TRADE
1346,VIC1,2016/11/29 01:30:00,4286.74,61.76,TRADE
1347,VIC1,2016/11/29 02:00:00,4126.41,63.99,TRADE
1348,VIC1,2016/11/29 02:30:00,3996.79,63.05,TRADE
1349,VIC1,2016/11/29 03:00:00,3945.98,60.62,TRADE
1350,VIC1,2016/11/29 03:30:00,3948.71,52.96,TRADE
1351,VIC1,2016/11/29 04:00:00,3979.9,58.89,TRADE
1352,VIC1,2016/11/29 04:30:00,4112.69,65.82,TRADE
1353,VIC1,2016/11/29 05:00:00,4326.02,65.65,TRADE
1354,VIC1,2016/11/29 05:30:00,4691.69,81.54,TRADE
1355,VIC1,2016/11/29 06:00:00,5064.26,97.06,TRADE
1356,VIC1,2016/11/29 06:30:00,5455.63,103.59,TRADE
1357,VIC1,2016/11/29 07:00:00,5689.45,87.83,TRADE
1358,VIC1,2016/11/29 07:30:00,5493.6,66.52,TRADE
1359,VIC1,2016/11/29 08:00:00,5440.65,84.6,TRADE
1360,VIC1,2016/11/29 08:30:00,5419.94,99.82,TRADE
1361,VIC1,2016/11/29 09:00:00,5383.66,84.99,TRADE
1362,VIC1,2016/11/29 09:30:00,5303.37,82.69,TRADE
1363,VIC1,2016/11/29 10:00:00,5267.33,62.97,TRADE
1364,VIC1,2016/11/29 10:30:00,5214.84,55.6,TRADE
1365,VIC1,2016/11/29 11:00:00,5205.6,108.66,TRADE
1366,VIC1,2016/11/29 11:30:00,5148.6,77.63,TRADE
1367,VIC1,2016/11/29 12:00:00,5135.17,41.08,TRADE
1368,VIC1,2016/11/29 12:30:00,5182.19,41.05,TRADE
1369,VIC1,2016/11/29 13:00:00,5187.81,36.67,TRADE
1370,VIC1,2016/11/29 13:30:00,5228.83,16.98,TRADE
1371,VIC1,2016/11/29 14:00:00,5228.7,72.71,TRADE
1372,VIC1,2016/11/29 14:30:00,5265.42,88.17,TRADE
1373,VIC1,2016/11/29 15:00:00,5288.33,45.65,TRADE
1374,VIC1,2016/11/29 15:30:00,5362.43,66.79,TRADE
1375,VIC1,2016/11/29 16:00:00,5451.68,79.31,TRADE
1376,VIC1,2016/11/29 16:30:00,5485.78,70.7,TRADE
1377,VIC1,2016/11/29 17:00:00,5526.26,52.07,TRADE
1378,VIC1,2016/11/29 17:30:00,5459.07,55.1,TRADE
1379,VIC1,2016/11/29 18:00:00,5398.48,54.05,TRADE
1380,VIC1,2016/11/29 18:30:00,5244.15,52.4,TRADE
1381,VIC1,2016/11/29 19:00:00,5165.57,57.43,TRADE
1382,VIC1,2016/11/29 19:30:00,5148.17,55.99,TRADE
1383,VIC1,2016/11/29 20:00:00,5182.43,54.23,TRADE
1384,VIC1,2016/11/29 20:30:00,5160.18,57.89,TRADE
1385,VIC1,2016/11/29 21:00:00,4999.1,54.12,TRADE
1386,VIC1,2016/11/29 21:30:00,4756.5,45.64,TRADE
1387,VIC1,2016/11/29 22:00:00,4583.34,28.01,TRADE
1388,VIC1,2016/11/29 22:30:00,4476.11,45.35,TRADE
1389,VIC1,2016/11/29 23:00:00,4474.61,16.75,TRADE
1390,VIC1,2016/11/29 23:30:00,4784.29,50.96,TRADE
1391,VIC1,2016/11/30 00:00:00,4806.81,59.55,TRADE
1392,VIC1,2016/11/30 00:30:00,4580.64,23.37,TRADE
1393,VIC1,2016/11/30 01:00:00,4394.42,17.94,TRADE
1394,VIC1,2016/11/30 01:30:00,4292.29,16.75,TRADE
1395,VIC1,2016/11/30 02:00:00,4169.9,25.47,TRADE
1396,VIC1,2016/11/30 02:30:00,4088.58,20.09,TRADE
1397,VIC1,2016/11/30 03:00:00,4030.33,16.3,TRADE
1398,VIC1,2016/11/30 03:30:00,4041.61,16.2,TRADE
1399,VIC1,2016/11/30 04:00:00,4039.16,16.2,TRADE
1400,VIC1,2016/11/30 04:30:00,4167.73,16.83,TRADE
1401,VIC1,2016/11/30 05:00:00,4337.77,19.57,TRADE
1402,VIC1,2016/11/30 05:30:00,4614.18,62.75,TRADE
1403,VIC1,2016/11/30 06:00:00,4902.6,82.32,TRADE
1404,VIC1,2016/11/30 06:30:00,5259.08,85.92,TRADE
1405,VIC1,2016/11/30 07:00:00,5536.79,99.62,TRADE
1406,VIC1,2016/11/30 07:30:00,5448.07,69.44,TRADE
1407,VIC1,2016/11/30 08:00:00,5460.95,63.76,TRADE
1408,VIC1,2016/11/30 08:30:00,5530.71,102.81,TRADE
1409,VIC1,2016/11/30 09:00:00,5448.41,116.77,TRADE
1410,VIC1,2016/11/30 09:30:00,5408.18,141.95,TRADE
1411,VIC1,2016/11/30 10:00:00,5427.75,98.64,TRADE
1412,VIC1,2016/11/30 10:30:00,5434.1,94.73,TRADE
1413,VIC1,2016/11/30 11:00:00,5429.06,103.55,TRADE
1414,VIC1,2016/11/30 11:30:00,5406.27,86.04,TRADE
1415,VIC1,2016/11/30 12:00:00,5418.29,109.67,TRADE
1416,VIC1,2016/11/30 12:30:00,5441.21,108.91,TRADE
1417,VIC1,2016/11/30 13:00:00,5456.51,140.34,TRADE
1418,VIC1,2016/11/30 13:30:00,5443.93,160.07,TRADE
1419,VIC1,2016/11/30 14:00:00,5414.55,117.97,TRADE
1420,VIC1,2016/11/30 14:30:00,5402.15,64.53,TRADE
1421,VIC1,2016/11/30 15:00:00,5424.62,121.45,TRADE
1422,VIC1,2016/11/30 15:30:00,5505.21,96.22,TRADE
1423,VIC1,2016/11/30 16:00:00,5579.29,62.12,TRADE
1424,VIC1,2016/11/30 16:30:00,5617.4,70.36,TRADE
1425,VIC1,2016/11/30 17:00:00,5569.49,86.42,TRADE
1426,VIC1,2016/11/30 17:30:00,5491.01,70.06,TRADE
1427,VIC1,2016/11/30 18:00:00,5432.33,80.9,TRADE
1428,VIC1,2016/11/30 18:30:00,5301.32,74.8,TRADE
1429,VIC1,2016/11/30 19:00:00,5255.63,84.55,TRADE
1430,VIC1,2016/11/30 19:30:00,5195.02,80.77,TRADE
1431,VIC1,2016/11/30 20:00:00,5247.73,81.64,TRADE
1432,VIC1,2016/11/30 20:30:00,5221.39,78.7,TRADE
1433,VIC1,2016/11/30 21:00:00,5070.75,57.03,TRADE
1434,VIC1,2016/11/30 21:30:00,4831.07,51.95,TRADE
1435,VIC1,2016/11/30 22:00:00,4632.43,45.31,TRADE
1436,VIC1,2016/11/30 22:30:00,4533.15,77.5,TRADE
1437,VIC1,2016/11/30 23:00:00,4549.42,65.46,TRADE
1438,VIC1,2016/11/30 23:30:00,4845.89,62.99,TRADE
1439,VIC1,2016/12/01 00:00:00,4888.48,62.78,TRADE
